3075
34274
56719
51495
44389
27330
59643
11574
52851
58003
4520
29026
35097
14342
11699
51776
6841
26790
27872
12149
12357
34494
47285
27103
28157
6056
21432
31728
36851
27465
34711
46626
4503
42635
28769
12760
22966
41631
28177
21815
27982
23488
22690
48054
19696
6581
48942
4869
26657
5583
25555
28337
61545
12315
27315
25745
25826
5449
4785
5434
1807
24981
5654
2722
25792
3413
5521
33177
6628
12188
6934
54602
53370
6296
13317
24991
39447
3604
26408
25897
4111
3730
6561
24095
5132
18849
22588
5855
5976
346
32552
6223
25947
26577
26342
13427
28173
201
5658
31492
5641
27123
1450
5943
18966
8025
14204
11804
4967
40977
27498
11341
55391
5069
12029
18866
13864
19903
48370
13827
4244
23151
21886
26051
27323
18524
7214
584
48273
48159
28004
25875
27496
41124
60900
6460
32233
13090
49120
12798
26154
35956
21585
35225
55
5489
20247
699
8041
61728
13959
14227
40826
2305
47889
50214
21446
22010
27244
42111
10239
622
56559
28398
12824
150
27205
12827
27282
4904
25057
6646
20856
5158
14212
6054
20422
23800
34111
47522
26272
27796
14254
34856
28446
29
21326
21407
20963
23249
42653
26972
1114
56669
6879
55460
22040
21927
5718
53577
27489
19473
52758
6186
3444
66
41264
21390
34944
25111
55765
18774
27813
27820
25507
61727
32250
36218
20318
35712
27145
34606
4235
27088
29860
3861
12423
3696
19880
5274
49886
35479
2699
20161
60585
7272
6203
14170
5033
4489
6527
34033
46358
26962
25528
18248
23738
27179
24124
28258
39194
14083
7988
4676
7467
50140
22621
23218
13297
26616
33784
34314
4358
26423
28008
34047
5854
28037
14461
13326
13156
26926
18153
37354
7873
1118
62242
6455
29352
4739
26878
39978
116
36961
4907
29952
25595
14206
2101
47789
35413
34566
14016
3633
30219
27509
2212
4270
35959
37572
11852
59678
652
20380
177
41109
12743
35157
5799
6979
28560
18776
27076
11710
3772
35187
55657
27866
6831
28503
5439
6372
7513
47791
31841
5691
19245
14903
6442
4685
7632
27857
3869
33987
6034
47300
26210
47098
18391
22061
2291
20041
21584
18422
38442
56608
1198
9128
4621
2368
27851
5269
28252
2871
44891
11477
13613
27365
7259
41724
11618
9130
22366
20530
19861
26224
7887
24833
40886
35532
34138
19053
28495
4933
7753
6952
23563
22745
5574
23452
3492
1157
6251
14166
6701
23514
7168
2588
1133
13629
22702
21437
41116
55920
6468
43779
541
144
47561
5252
5408
27482
21630
13619
4343
34141
21225
6227
16201
9725
2006
20417
26312
19874
25045
36978
5571
5130
13615
6310
49986
682
25535
6337
28150
27852
84
55290
5784
5634
1082
34955
13948
8470
22234
1214
841
21878
5940
49649
23648
45378
13873
47188
14307
960
25709
42592
12533
1195
8140
29677
61439
48000
52999
47758
408
6965
7196
57343
49309
1603
480
9840
42867
43010
36780
4716
29055
56862
435
48132
6647
23090
30407
61046
52343
22241
55106
20165
44066
42964
54780
28311
50227
43689
20142
6901
14664
1097
5918
41481
14658
3663
50019
48258
486
8123
8696
38053
13092
14449
26890
13134
7621
5326
20137
7154
4509
56656
372
1402
7911
28306
15726
7694
49466
7159
1064
27517
16550
20680
21399
47553
42428
5185
21713
35037
14892
41941
2381
14861
5097
1352
14976
35572
21386
6021
6050
62235
6835
21421
5992
23121
34911
54911
1848
5862
858
6808
13880
28437
697
5342
6291
6575
5776
34128
953
55863
6858
28497
30424
41590
13524
37313
6208
4735
49245
1420
43754
14672
27412
6002
29146
2487
48173
21433
47508
41904
361
54301
22903
49469
15748
1493
16511
60571
13902
22509
33488
539
1834
2296
16571
8166
757
14205
27397
47238
7057
6249
6525
7435
9393
41471
6521
19578
22159
29695
6773
7618
5935
33853
48642
13599
34065
28127
6568
57371
41793
1607
21613
55304
29008
7950
21935
33056
14176
13078
2480
19566
14905
6453
25503
36252
22238
22291
28113
2269
6910
41947
28781
61212
6494
4711
26985
27786
16132
57018
17331
8900
8643
7997
10528
13224
18453
9464
52020
38303
10566
40449
52878
11343
35279
8079
855
34755
54472
29680
56448
28433
4447
22613
12257
7206
34548
13814
11492
31387
47745
10870
27881
35003
41726
35505
48161
27937
15288
27714
41732
22103
32823
30113
46465
31699
35676
382
22441
9812
34638
5874
29282
28428
730
28297
35123
2374
27406
25442
21707
29599
28755
54805
4580
23886
10245
28438
14494
5345
10287
14403
54305
27028
1611
34746
20113
36245
61478
7284
34445
28788
5818
12590
29318
42174
5470
4652
30135
34842
12250
7976
33247
30909
53877
32236
9790
32414
54136
5770
12217
499
19328
5388
45996
7216
11347
24395
14296
5168
11102
7363
47283
33576
40467
61218
11410
10376
12214
4184
59874
4975
34895
14048
2404
12755
12155
33560
31617
11152
8832
55301
33483
13542
4165
14301
54624
13693
39037
20708
39490
6440
35201
32182
8566
3361
26048
34885
19146
33549
7429
26338
29182
5165
36519
17991
7664
36043
34730
6891
13749
32044
13304
61754
47247
32942
13286
24125
54401
13258
32413
3158
13617
18595
23420
14292
19276
9069
12561
34027
10435
55182
13515
47036
26514
31723
17140
11188
12791
13527
29477
8080
10751
8078
12863
53967
26636
13588
13640
19957
32355
18049
18291
19557
6450
32689
3333
20863
28109
13109
10814
10214
32033
13756
6827
13910
40131
54702
33777
12498
50747
33333
4727
13154
28356
47851
11395
19129
34019
4807
25666
11019
12868
32969
12675
13946
19309
34307
33445
33804
18001
28076
29253
13372
7148
7527
13561
6602
46950
12333
39716
561
33537
34057
35481
33704
14310
25369
13241
2658
14479
34163
33581
38563
20867
12039
13208
42061
26305
3484
26863
26634
39511
41249
18948
40350
57994
12143
35741
17259
20040
33132
3067
11776
20283
26152
53923
7624
19535
33854
38793
43505
12175
33839
25543
35360
33666
5184
25523
839
16772
27460
33788
13478
40411
1267
33041
8531
12643
6555
5894
12846
6000
5438
39885
32400
34860
32711
5769
6231
1873
13687
42666
33878
33844
12603
5965
13439
13593
48465
10058
36361
3876
52600
33221
17655
12117
20455
2856
28783
33946
12061
5447
34129
33613
11816
60404
12641
46055
34604
22111
29261
41482
35647
5791
61244
13853
12246
13690
5480
13014
35152
34527
24790
36797
49896
4584
11421
5498
54907
25769
6999
59207
6325
13834
25370
19389
14290
32686
28417
34284
5486
26334
3642
25724
10994
46273
13411
14237
9260
32812
18009
23255
27493
12162
40644
28090
9680
13724
13255
12860
45219
32866
5075
13549
25808
18070
54705
6032
54728
16437
22951
22219
11664
4921
5358
12925
35633
20140
25508
7365
7995
29265
5640
25178
707
7309
34640
7598
20205
17529
29921
34183
13683
6533
50803
14747
41241
25975
21220
12548
254
14239
14466
49010
35736
47911
8428
56202
7702
55690
35508
33225
33486
5993
31756
14322
27541
5060
22563
12369
32287
13732
56491
12756
11526
1379
14128
7838
4587
14063
20463
45807
8014
11643
4594
29486
29964
35784
17746
24434
48272
14066
5210
54513
6626
9045
33237
13503
56929
33165
12984
47491
8486
13903
22069
12511
1138
42239
7923
13575
21813
62001
13635
49388
6003
4215
20050
7287
41685
27554
14414
7637
27883
6635
28684
27309
13216
35323
4753
27305
43564
12224
11403
29084
12780
13087
9015
13201
43080
49571
29907
43491
1385
28851
20022
5332
12185
35567
9706
20923
18267
7967
14377
6516
8061
41236
61287
50912
7485
23827
6547
12262
5460
13403
13263
12985
8851
44059
35318
28003
6213
33802
43554
14203
8235
13998
20073
39929
35277
12304
14121
31794
26116
14445
40939
14051
44129
13701
7371
7932
56171
49007
4327
35788
6813
6035
3038
11472
7820
13923
34717
42435
28863
20557
15823
39920
33931
27889
30338
62269
882
5777
4380
28665
43044
35596
12047
22938
15293
60371
13975
51444
14770
6302
48539
50673
54942
33989
41012
14021
6268
12245
61305
33357
20224
11676
33412
19908
4406
511
11761
132
14119
7313
29694
7248
273
54051
6641
61106
8529
3613
33612
7289
33733
13649
19403
13345
62010
35786
13342
34052
14360
26325
41574
13804
5780
41493
13904
19665
21081
29241
7176
41994
550
12746
3910
13986
55823
28828
12789
7651
26683
62370
11346
10073
61621
20560
13097
39542
35315
28575
23742
54547
7977
47372
3810
13697
59949
55393
29029
20461
28701
4611
7683
28502
6301
27762
5458
20289
4495
28500
32649
33267
41460
6554
49743
12578
29030
50371
22686
32879
28821
12999
13401
5945
54695
23822
12532
53173
13742
34684
12150
15281
56093
55331
19425
41633
6184
6855
29648
13431
19663
7164
34933
42772
14219
7493
12129
13482
27827
11116
29343
14793
20134
15809
9991
49710
42918
56350
48208
14850
28431
57021
15063
15191
13053
17468
4833
8978
13837
56249
13077
12777
3714
8852
14382
27595
52150
35442
25819
33973
13447
6278
38695
32194
12275
5406
15043
20127
55555
13003
41422
29037
12028
22503
6015
43546
7434
14147
35025
28926
27089
36869
1086
49190
47391
13985
34158
29065
7585
18833
20342
26446
21108
13807
27217
41262
7402
29429
13960
13661
9727
13019
20217
42167
39366
14343
6833
6060
29076
6819
19637
8707
11657
13467
7682
13200
8380
167
5198
9885
6542
29150
8882
55590
13628
5147
20300
56419
14000
61755
8649
61540
13435
1051
21476
3304
41281
10567
33769
18304
12872
11971
19952
14009
8960
6287
27023
5386
61483
4838
12835
7458
7021
12254
29828
35105
13160
33970
8129
8257
49759
21153
20066
13061
60802
34967
9099
60991
11840
49619
14042
53593
19392
19347
12558
43566
29180
7307
62328
10895
33757
50351
8088
11502
27829
62115
21001
35390
17614
21039
12271
22392
14062
48630
61568
40164
5487
29117
8768
20075
33104
21042
20493
11760
30699
11871
8569
62138
5418
18815
33413
4992
13036
28827
15464
31111
11437
21500
28856
13131
54417
14022
13643
56113
28933
8567
13752
28138
20982
14154
49182
6970
12961
10656
12204
30586
51526
12916
7706
13302
41075
4562
5482
29504
12857
21358
29905
55707
12472
42005
714
34016
29023
27896
14330
7286
4599
12950
41992
57839
44083
32359
12737
48784
34390
43813
23762
40672
25764
13408
12244
13328
7291
7321
6219
5160
28696
52339
5670
21789
8479
29802
7426
27391
34222
4306
41804
25251
18828
5810
28408
7310
33538
5905
49026
54456
55559
156
12331
42062
12180
55957
27355
41753
42514
3628
15407
7602
11674
40879
13632
21452
35493
24247
49339
27848
14038
3092
33151
56162
29256
27527
11717
48685
20241
13773
13654
24600
4768
6778
6381
12595
55156
57282
13279
55461
21648
8786
35704
20047
10438
47302
28611
7505
14025
8216
29113
12435
61564
15429
55860
29389
20157
4223
47924
14101
13761
6058
49462
40607
56690
7990
26705
16910
7439
21043
19076
46817
49712
22002
12680
12694
18987
12813
50931
34651
14065
6298
7235
5779
19912
21754
33678
9362
49754
709
28331
7056
8091
16417
33040
14365
12209
13786
7375
14795
12861
49585
5758
58235
13543
6637
28508
35179
14308
15320
33961
26980
55914
34633
26229
34348
34703
42654
44646
50895
13211
13905
61365
40230
29785
33368
6062
6652
53586
55250
11269
34450
15205
8828
20521
13135
14439
28183
19913
52911
34226
19025
28746
9080
4642
28577
160
54629
54369
34851
12636
21513
6625
34943
22243
3171
28474
14344
8555
41486
13663
35796
7316
27360
1702
5042
35335
7136
27212
33577
11365
30021
22667
29058
9
35814
6911
28430
42453
30984
35228
19172
13316
37478
12189
36315
7403
9877
14381
41328
4424
55406
28738
61775
57081
61625
47214
14263
58535
44624
14247
7328
43411
43027
12725
62327
13781
42724
13678
287
620
13977
23093
13691
62280
49087
28765
15139
33411
8879
535
29624
18456
14182
6378
49569
46731
49522
8323
8776
6244
16635
51126
20561
55668
7792
29686
62427
5650
15419
42707
21089
2552
5142
5715
51719
13072
14731
34752
29410
7352
49811
35716
28691
50823
35982
756
55564
28561
51755
55484
7907
6151
12793
4535
32409
837
47116
31582
29827
15903
14474
22037
56961
1048
31298
5562
48334
60385
42337
8352
40442
7475
13614
9921
7390
30309
7716
14809
724
8363
16334
22385
8503
21679
54597
7896
54065
7969
14823
5468
14197
8002
202
54697
14293
55818
8144
687
13387
1704
43588
13520
10507
2018
50463
20403
56414
14149
8379
14800
50857
13695
15313
950
7741
60216
20513
5679
55523
11224
12653
23448
7345
61009
15492
8453
6267
20839
11857
15569
53933
57178
34080
9307
8513
6536
9341
29275
14628
41836
8285
1892
13325
7427
50819
6769
31488
43659
3749
20284
14467
8109
7802
464
4320
51050
49691
5422
35230
55130
61629
50182
7277
1110
53956
13994
55539
35427
35063
12783
8283
35624
14336
7239
28176
12808
5173
8314
21812
12546
54007
49689
1715
6022
62395
55787
8315
12765
15355
5744
14040
35164
14246
56103
635
20827
28110
4895
28364
56887
27849
35739
13178
17025
43998
8829
5698
9413
48195
46578
34519
55630
42625
12734
29444
285
13824
8959
35251
7121
13688
49540
7122
20329
8018
6345
34332
28486
35848
13420
440
61151
13587
48003
15839
45124
31087
34953
13625
28119
51464
12747
60776
18823
7679
28794
49370
28362
44192
7684
50797
44075
29195
11110
569
7568
8458
42271
13492
2885
13929
34978
15006
31179
8507
31621
48989
13038
28962
51710
546
33367
14294
29904
6026
13611
6924
8754
35644
50509
7565
25750
48734
7101
14334
8223
8318
7556
7198
19806
7192
28111
10294
55636
7897
15491
23382
8294
54812
15080
7086
7709
1123
11835
53984
56055
28883
55761
20684
7430
20335
34273
16750
14312
5151
21023
35255
20637
49096
34283
56933
42282
17326
12104
1576
16534
14806
38378
40810
12593
20360
17172
17611
11456
15196
54469
12674
7477
62341
29597
41997
34990
35488
18627
13844
18845
34197
14530
4743
36049
897
10700
12172
40002
22877
38510
29589
19972
20028
35026
28969
41324
33834
34322
6783
12647
13578
18855
14730
28249
28919
41972
27624
15416
12103
17349
7456
12359
35099
9792
12575
58469
10645
33257
32468
41616
19938
59905
34156
36585
17065
32999
41083
19583
35434
35735
23317
10726
40897
10899
61149
13577
18392
17396
61601
39974
12574
27368
12197
41795
11097
5126
17275
29777
21065
19086
2540
61188
14517
11690
10837
12034
11560
4074
13858
17897
32738
57671
9570
46321
54644
34479
26049
924
23120
41132
20156
12946
6663
34802
35451
37847
49715
8263
29448
41634
21102
35045
5268
35294
20541
57728
28366
5618
11361
19715
16331
41540
21581
12325
21236
14076
40723
1206
41693
27900
13218
5257
35586
28936
34351
21942
45792
14388
19725
41803
62114
5204
7726
21020
21335
20450
19445
19367
29622
41007
19713
41977
28946
62070
5970
9331
27356
15365
7419
29853
34240
7852
28977
42768
15712
16301
55303
29286
40758
14468
54980
32166
20195
14395
55325
41465
20602
28889
3242
8108
50382
21095
13508
12294
15851
7131
28475
9025
42276
29431
42060
20020
8947
42233
20546
8609
36801
14442
42237
14743
41860
7343
36005
14917
33919
7924
41554
47405
59966
7444
20929
21203
27287
13692
17418
13308
17736
3933
62208
13815
31319
32354
33956
34244
15759
27108
41203
13082
35877
42397
14573
6729
20797
13405
59010
27392
61333
19936
6987
40714
19617
12314
34193
13371
33969
26471
40136
55489
15050
41250
19768
13540
19817
36314
49782
18574
57246
22901
36192
18885
61604
19622
21370
43369
12336
13219
13056
55953
17112
17562
20445
53894
19662
5609
42245
13785
61798
20351
34313
54253
21541
20307
28747
25964
56922
307
44264
34666
14584
12884
42068
33330
30192
50078
16843
36453
20997
14678
60927
28301
42518
41728
58058
61635
29483
14003
658
9465
47162
29000
41900
14757
14324
20630
8874
56582
30493
50457
6086
15207
7040
55675
28346
15198
4237
13833
32769
43068
4649
62104
14825
12497
47730
50622
20302
40941
5045
17023
40578
871
19575
12974
19646
37917
20899
16502
6245
21157
7408
28221
11990
42131
54283
55698
783
13268
20506
41051
20095
14746
5290
35692
15929
7798
15926
36799
1890
42826
55235
15628
27203
6621
11548
13676
96
47837
35270
19291
16770
20628
21094
15478
16404
20852
59006
6937
59043
41744
21051
6176
56036
40922
53922
53440
60995
56965
48883
40511
41761
37492
48545
30755
13059
12881
25637
20126
386
13280
16010
60667
57518
28618
16191
21200
13967
14130
20780
34996
21294
15068
12842
19697
14843
29316
5792
41014
29687
41072
12989
36055
6776
36703
28943
33629
56159
13754
56693
13771
56918
21641
41933
61436
57562
21096
8197
14141
36029
8170
21479
1255
61469
8881
56430
7876
20121
57255
20861
14077
42304
41234
2983
41141
21058
21174
15003
56714
13470
41216
9530
40404
19620
49777
47466
22186
54880
28222
6037
8742
13499
36303
2580
29374
31442
45418
42136
21635
36244
28511
32158
23482
22953
28095
23929
45800
29641
27385
32865
40797
44735
21750
2696
26496
55253
55836
54391
25445
13310
43000
13443
776
22086
43654
35452
23879
21283
61144
13535
11632
34058
54537
4708
33342
13253
5755
23241
28643
21629
41932
34796
13335
6644
28468
26163
22703
32869
27879
38732
29847
28916
26028
21345
42019
6590
49326
7592
43276
43273
53346
50415
6768
34554
681
26652
20649
48957
21554
52543
47402
48657
28181
38397
35039
6714
28666
29271
14185
28096
23640
40649
31061
40448
28541
35426
22009
39874
25797
49191
43763
21325
42452
54121
7594
26350
41712
48453
40569
53936
21529
4880
26529
32634
33106
47639
21822
13667
33332
40502
34641
34320
24366
18543
49226
32286
27787
26585
25352
54232
41841
54917
50416
39070
25847
34611
25112
12290
24834
49216
33620
24176
24641
58393
27856
33787
55901
26741
53391
26606
40876
7626
14211
6737
19026
24876
4877
33695
27499
12433
22512
39757
40194
58746
27373
48077
53609
25853
18798
17451
39098
40616
25668
26129
26925
25415
53672
23056
27544
47907
25976
31673
26631
28533
40061
4820
24602
13054
5106
25138
49870
19073
34864
46169
59193
8750
61310
40484
6406
53542
6781
3914
25990
27262
47528
22398
34275
41943
6133
35231
32736
23812
28459
6994
26189
25217
53571
28379
25638
44848
50388
54714
34587
54248
24861
6757
53660
55561
43471
32830
33215
48096
33902
31936
60656
27548
11932
14864
26115
33027
52807
33054
25474
5186
33864
42463
31392
47636
27441
33713
26954
27672
13627
13621
7273
18786
34775
23841
3439
23297
34266
53664
25989
20686
28131
48263
5062
16392
25394
23535
23234
27150
33463
27555
33464
25199
31889
34909
35103
3023
52408
33504
5831
6163
34072
26574
27588
35562
41923
52685
35219
21956
34922
3475
48106
27512
26851
34211
10733
4028
26516
6347
47637
54608
9498
32264
34591
32906
13052
61937
580
26675
7593
33753
25400
44838
7947
35359
24439
34581
3348
32621
49278
10010
31597
33490
52831
26128
27542
2579
43142
40847
35937
46116
27574
27452
25550
26645
33840
26419
35234
27210
24703
27558
48655
53024
46949
34616
48978
43184
25118
26753
35197
3898
27886
40048
27569
47160
10260
30904
43752
13187
24533
26010
53823
31427
3695
42761
12727
12896
55546
46744
31801
47462
24257
33095
24268
32959
24517
26653
26440
23877
33299
2984
26409
48051
1854
15474
21314
53158
21451
54591
23328
43309
46222
40475
7436
33779
51143
49602
27119
21387
54648
47297
53337
27201
42207
13440
29345
43173
47063
5875
27313
33976
43356
38625
6815
17842
28295
28395
35240
25690
48252
27502
29031
5683
58106
43034
36630
53932
50483
5903
643
34277
38138
5039
15136
47827
35184
43842
52985
22940
5559
41115
21621
21412
28622
34417
27160
13130
48980
39426
27892
56865
46304
48790
26743
30846
1219
43732
27751
31120
41766
33754
6615
28613
32313
21928
25326
13881
34552
47572
39424
26018
48681
50348
3234
27470
9568
33092
25443
55984
34862
36846
22245
34663
32184
33472
27361
2190
42851
34075
49930
21715
27393
48923
22307
49939
4912
6620
36120
20212
48275
49787
27408
32012
25806
40691
32372
27114
48621
27521
30675
22779
42996
21336
3385
56296
27109
29102
27213
34876
24522
3175
13817
47511
20834
40297
47439
54756
25477
22540
27575
54242
54789
42133
7358
61216
26872
24892
12806
25524
6286
20613
42144
26530
27455
42650
25449
48952
36588
21514
44371
40424
11855
13370
22923
28391
28447
54207
34213
51116
28853
52747
5036
9063
27654
13883
43258
34069
48310
35246
37010
47766
34903
34817
33114
49164
34913
61705
48351
21680
53418
7902
34835
40792
27965
48462
49765
6392
45733
40311
28434
48617
19876
33306
55615
59081
33808
27229
35306
21355
27592
43391
19987
46924
33718
25950
55728
28449
43245
33410
6069
21400
55647
28318
34265
27386
34061
21937
42695
33476
32799
47830
7123
3367
34127
54340
19819
47477
55193
28407
26964
55889
27223
34419
30162
53624
26928
43145
27971
26062
5474
51536
41719
21909
43912
21532
32694
35941
27447
32962
22507
21472
21284
48056
26770
29712
26842
32893
50232
25859
33198
28453
43520
35215
48402
21177
25189
6936
47381
49561
27009
4674
41857
22269
49227
20806
26004
43107
33530
49381
35070
53460
12723
34872
36477
43208
55032
261
41962
32179
26644
61164
28498
13104
54675
22281
41521
26841
6895
47328
14178
33243
5503
41928
33709
53689
35162
27738
27367
34897
36215
22529
37708
22559
21659
46336
35299
17069
54471
41810
41916
26912
27292
28886
54613
24589
931
22662
263
8262
53700
6390
60486
7010
8169
47118
35036
48830
41936
27828
43518
41015
48745
22185
35447
22477
11918
28172
18685
36472
25915
42757
5584
48166
29115
62160
6914
21278
48861
34887
13466
6754
52997
53461
54075
7088
55136
1645
27625
47663
25854
5661
26603
33767
41676
29841
35272
27245
35137
30505
54526
5488
41758
35496
28888
22959
28478
6863
46274
21201
24413
5972
11282
42470
34841
42537
26493
27027
43198
36984
34327
6955
50142
48746
32904
22407
25718
7147
48997
21872
27942
48497
46609
14499
36348
21957
51906
55369
23782
46385
34907
34144
48959
47601
22635
54421
19921
6209
27869
34600
53112
12318
17420
27789
20634
3240
61113
199
27794
55039
21847
27390
26956
4262
27479
32527
26604
28016
39785
62424
29369
21256
28607
26142
6229
35471
46846
6088
5093
42872
19307
53469
25552
41135
39213
27144
6264
60878
53979
25845
1100
25752
27597
12906
54073
21586
37872
28371
49425
22379
54026
968
26601
29492
25712
34010
61366
27135
54309
27557
34564
133
29983
21268
33376
34573
48710
24349
34315
26554
6935
41823
3536
49635
6451
24795
49253
27985
49356
12800
13766
25979
6135
410
42945
46220
22320
41403
36205
26344
15126
24891
30994
25162
20976
45905
24051
39095
32954
35398
28272
5372
40173
62441
33726
14614
50666
27113
27753
43447
34697
43186
27002
26886
28039
42014
41393
57190
34635
41911
1975
25814
54790
48765
1070
22083
32323
47557
43125
10018
28488
35516
41754
48253
40270
42371
28568
54557
43240
43735
34995
41102
41592
28412
48646
6917
30325
26288
21442
27015
34097
56326
26884
39474
4073
61015
46352
27682
21591
12491
6306
54415
58630
55648
61926
54560
41970
38384
25788
47554
35139
47475
28011
6305
42212
40868
53482
11340
6200
22169
34588
24770
47799
34671
5842
21368
5250
24513
21144
48378
50744
25603
61720
43277
54810
28620
45923
36875
38882
27566
34584
42137
35014
31820
21816
42340
32548
33662
7210
7325
48930
22210
3160
55092
25938
15462
35553
25844
35942
5836
22774
44828
28074
19779
27864
22257
34804
47606
2610
35896
2805
26345
27904
20330
41380
9604
20229
55806
34981
49595
33827
34763
35465
35445
1353
21419
35283
47486
4368
184
42443
24292
54227
39936
28255
21779
33546
5322
27359
55631
27817
47942
26418
40030
29188
20369
25195
47710
28348
29402
55315
34724
60166
25405
42632
25347
33349
53384
24100
27083
20713
14088
53767
6510
2582
27182
21968
27670
47172
13514
59077
59464
27936
13682
47776
29013
61109
27535
27325
34012
16045
6323
33685
42460
46676
47881
27955
377
27019
27316
32907
28972
25401
61929
7132
28942
48039
11883
40587
46002
6829
28419
50501
9658
48587
1101
20350
25929
41580
25725
6284
27506
38534
11614
27954
28772
48277
19173
19828
34826
21369
49908
34365
49725
6569
1076
4499
27549
53847
27153
21974
7144
26016
48782
23266
21708
42482
41657
102
42720
21430
27578
33628
21611
41869
27340
288
29922
55978
29561
26159
27774
48104
28860
5492
53307
34360
35569
55710
48742
21737
136
46567
14087
12782
43008
34931
49265
34278
28429
32443
30025
40987
54824
28638
28567
26911
48953
51381
61851
6556
34389
21287
29708
40997
44170
49027
35199
36769
22437
50254
36211
40004
41407
28286
35155
35952
929
37004
21487
40846
51508
324
61524
22893
56086
27757
56755
6125
54135
27632
27981
29123
49613
35722
4812
61584
27949
21757
22087
27233
36126
21097
37200
47397
46543
37623
21650
42533
27793
41320
27970
62057
42478
5859
21881
21719
267
4982
35961
47525
27951
10397
33533
23204
458
6805
55967
1868
21601
35845
229
28001
36400
54757
57770
56583
23318
26974
41957
37442
6508
29255
49752
28082
41639
35016
42534
48078
27322
41251
47704
54853
47422
36037
13942
56409
36764
49126
21908
15022
14625
42189
1356
20046
35499
22044
26721
21464
24812
43383
43717
21302
37170
27633
22485
57654
21781
20598
34044
23031
24551
13601
55353
37502
42172
28420
53959
29634
711
42197
27192
28006
6169
20531
21826
27450
24514
49032
41344
27807
44952
56486
26519
46332
42496
46982
26590
5941
46377
22990
61977
15958
49432
28117
22156
34639
48536
22987
36786
19846
37108
27855
43719
57094
57042
58117
21526
40445
42697
48225
25461
5911
28220
29116
27707
5857
23245
34836
6188
21371
27133
34969
46534
35439
21870
49136
54889
54042
42202
55309
28124
34556
47193
5413
20517
22173
22020
20575
23219
6639
22113
487
28813
44364
6113
9156
49900
6638
6684
1012
6918
34687
22297
20122
28300
23620
22204
51598
43555
35204
27526
22017
56522
6921
24086
28539
41080
14037
22829
26156
23081
7528
21354
46823
35281
27126
20936
51722
29439
28937
49856
36172
35573
55595
35511
28378
27637
27579
4955
37844
42808
21375
21420
28401
29381
22786
28520
40027
13081
61449
28042
35513
51207
37578
32702
44159
30611
48249
22929
35165
62198
45489
23790
21798
34004
27874
20115
21378
28135
48764
37244
28147
14285
27508
336
22091
50469
22809
36468
29064
21660
1728
49016
23319
34289
50444
46652
62492
21356
28846
19784
25625
39080
6897
57868
34565
7589
26570
42536
36174
637
44629
41901
28439
21959
49423
42205
21267
35178
23689
21742
57074
34285
29476
28383
29373
26674
21459
27401
48869
4646
39404
48730
26983
7064
14072
24071
1215
22146
42941
36393
7049
22905
26868
4199
19027
50628
25936
21921
49621
39225
25602
4302
28406
60405
5600
27782
34056
28444
53473
32547
1290
62233
20701
25530
28874
28223
23183
44446
22350
30542
60073
24054
23243
32607
519
40181
36541
51576
43845
33884
7562
23304
12610
36278
12141
36995
44092
26084
31894
31584
26383
4046
11087
31438
34790
24328
30802
52841
51417
52450
32422
24635
51073
58851
22911
42252
31799
59323
40087
25358
54623
49453
41966
28151
32737
35564
49260
34685
40374
30205
31681
29811
45999
40626
53627
34966
57000
135
54321
32583
6816
25225
14602
55158
28709
52642
62168
54887
29155
1708
49926
33202
35597
32541
33952
24967
34555
35357
56613
21710
42266
34394
34331
9687
35603
15402
27858
28811
56658
35656
59975
39381
7868
6843
34784
6798
34914
49480
33671
29809
54823
48294
8210
7563
35628
30358
30383
35035
33676
22025
42545
55882
40707
49936
48791
60586
8491
15771
55462
38718
35356
20760
14464
35743
8887
6238
61293
33881
53510
34970
28557
19975
41877
32619
53343
28148
33646
31398
7766
8784
28554
6147
33758
28760
15554
53438
35693
53581
28140
51258
41449
33522
9263
15571
41566
20228
25872
28681
51476
34395
26984
33858
33821
26897
42324
36743
22444
32707
57808
7233
54736
29024
29668
41472
50056
49627
39241
3959
33037
6028
56371
49368
14084
34764
42029
55064
49221
35485
54381
6643
52945
30085
49927
8490
54125
55500
36330
34140
42997
22034
26336
50295
29469
58984
31916
35875
28531
6175
21502
28642
35278
5055
19687
14146
41167
8425
29194
56038
33373
47596
29966
54587
35224
55834
40421
28357
16617
28167
41306
53068
50477
35288
46820
31937
29496
55336
13088
22395
47908
16147
35815
23246
31975
36373
52762
35071
49476
34904
33113
20176
3559
53242
15269
14842
39578
59705
54583
26949
55413
36570
53620
41153
40506
35348
12959
7438
47774
32612
33920
35048
41542
32861
52598
56498
54945
33447
60578
61669
13129
11382
5695
23749
32683
50760
31897
25729
50938
49401
61765
38671
55474
58817
34342
40746
10545
3973
28878
32223
3589
33190
28550
13248
5403
32037
26663
19260
12852
14238
5202
12767
36613
41201
31280
1870
38757
32440
38996
31574
20525
34676
34706
33148
52186
35989
19380
33737
31625
3446
7541
33051
9563
54791
33550
35526
48400
4790
29292
15584
54474
34410
27495
61242
31704
35771
54581
10788
54316
26710
6779
12381
39115
2442
48314
26921
13363
28467
34771
25837
32350
31549
14085
34318
34986
34385
34101
19937
14981
24928
35065
34242
32532
31722
32126
34956
9937
33118
31837
26966
12191
35002
28588
38555
35153
51068
30859
30706
31331
40890
32900
11953
33939
55159
29788
53858
8073
13232
55138
9127
26075
12645
37499
33641
35424
12592
32419
5396
53240
33967
18054
20489
17607
35571
17830
12642
54347
53196
31853
27163
4718
48875
13668
27222
60040
33792
34695
41546
3466
31576
47265
12752
30809
54285
30890
32174
35674
43013
3159
25245
40659
25259
60815
12733
35522
29995
53725
11390
12259
23225
40798
32147
26040
24002
28968
12890
23960
58727
28947
30328
50032
22975
13954
49353
59031
35096
2263
26678
34252
54294
25851
25501
53129
14127
34063
13702
39809
34843
31781
3245
10760
33543
38711
40724
34118
38446
39331
3065
28741
31921
60722
40976
32276
12541
21440
41313
33862
12938
39933
34473
4185
35044
23527
34444
13539
34853
53493
11424
13475
24587
34592
35556
54311
55127
31707
12021
56229
26727
41225
33824
31932
17233
3709
28824
33298
53046
45865
41170
53297
53554
33524
7298
41256
37185
54047
34232
54090
27468
34799
45742
34051
37516
39005
34610
21773
28505
32374
5152
54837
40655
54659
10717
47921
60796
32191
39260
47013
12562
29633
31566
20763
35385
9622
52392
31737
33400
26121
59511
11929
26222
43161
50081
14240
46570
49832
54105
31186
40523
35195
28137
56358
22004
18668
36199
24367
55909
30363
53834
12321
11525
45480
33900
12563
32722
53386
51685
28621
32915
6645
55215
48008
32972
14748
31828
33698
40786
47549
24952
40068
53928
49438
32274
30558
54901
40505
32263
8445
21404
35160
5182
32480
50885
30064
34513
54021
32141
27407
35257
26650
34381
33940
35301
56050
41186
32360
30905
33865
41773
7834
34135
39577
33944
58835
29643
6228
31698
24852
32392
32767
27830
41840
32670
1112
33658
41450
40881
13699
12572
35004
33130
19842
39839
52452
38902
30728
26449
27772
10541
34959
26637
32864
7342
35148
34992
12607
53131
58888
31510
53532
10415
62271
41157
34692
31948
47919
33345
34960
33475
48983
60221
60014
36223
34094
17269
26351
34376
34787
41171
7885
13822
25484
54718
28506
27784
14052
34483
23253
33635
53926
60498
54950
11416
6883
35561
62134
28764
59373
33507
35012
29059
7133
39510
6830
13955
32798
17237
13980
35239
11209
32412
34745
14279
3683
4789
57998
54523
53966
52956
26979
32555
33094
27215
53600
2865
1981
34343
29018
59431
14081
33053
33457
34091
47736
53029
16862
38889
48446
19096
53202
59175
32373
32176
52173
58201
34100
61491
10511
61999
35182
61503
33036
28086
12903
8275
33887
56134
30857
33823
41821
53607
23513
33975
40043
55782
41723
6631
17236
33010
31741
26647
58422
13788
41492
12287
34854
28685
49934
31669
33336
26976
54621
47325
34710
26788
33633
31459
42398
53325
53876
40125
13716
27304
52653
26211
34502
35549
37955
54122
60488
22313
8697
35051
52773
33683
32750
25261
56473
45401
11609
39118
3813
42049
41720
33598
27422
34758
35180
30217
34349
48854
54022
41429
47828
11610
10910
34131
29573
34366
22066
12970
34813
35474
35538
34721
31703
26403
54015
33326
13432
29038
34341
41791
32496
24388
53516
49378
7662
6353
46705
6640
56047
50977
33514
60197
33861
31854
28572
33467
6355
34930
54650
4961
41434
32431
39555
58281
18030
20987
26283
53861
25606
33232
58702
31922
34987
31864
33719
55771
54841
5959
25963
52670
40349
56004
34198
12825
33440
58926
61032
28903
28152
41067
33766
33756
24838
33187
52924
11569
55033
32109
14216
46437
3978
38980
11256
35127
34585
11751
53226
21015
26407
12198
5166
13445
6882
53130
33653
55501
59211
41931
6589
39803
6352
33762
40208
5747
61160
33885
41781
40675
21289
22663
13509
11461
24620
53772
38602
48346
41483
52992
32434
33105
9246
52511
40436
14338
52934
26811
19405
33294
53736
34403
47244
20545
31268
39583
13358
7395
58923
33891
30091
61817
34180
27158
46991
54585
38068
6845
39101
41746
33847
40773
12693
49312
35175
30537
32245
31242
52794
52854
52503
39944
54464
34485
26733
14790
39351
60037
55399
32834
10368
3601
37361
11865
34234
32851
6668
13472
41504
21495
32578
54952
30659
31902
33825
39210
33597
13481
55377
55132
11198
26919
53253
49194
1139
55258
31886
61290
7954
55255
61797
41792
32506
53329
52974
19941
32789
27428
47866
11484
39674
25292
44715
47294
4015
31650
40110
5707
52198
31802
53715
30622
35610
29592
26697
34421
34894
54403
52582
24748
32802
22030
59454
25692
50333
22457
26099
13496
36063
12821
26680
52980
46714
33755
35581
31983
12326
33474
41294
54439
32585
52871
10860
32133
53074
53747
52377
5113
59982
41568
54687
9044
5916
52047
18981
12507
42600
35403
7269
39823
53985
39837
34852
34493
39113
28393
55202
55892
6622
12971
6933
32332
35577
54180
55388
11651
54352
41696
38509
51898
35547
51119
13922
13291
12222
53837
29385
35583
3600
26451
30122
7472
53413
29157
53399
20670
29582
29096
2766
38404
34433
45988
53655
9449
45046
34206
54191
53971
58985
5436
34480
34971
39869
25743
42667
36022
32849
32388
40788
32579
12501
35098
32988
34631
32293
36309
24352
24294
31859
34358
28702
54794
16934
42320
54459
27560
5401
34210
33136
41882
22834
35159
38989
48683
28957
24345
26714
8585
5926
32003
59909
19655
12609
28812
33158
41214
34630
11232
54796
52837
13860
33922
33616
33990
38197
33603
35226
35008
24359
49427
13002
2861
20222
11744
34427
41049
19624
37088
40078
23788
48643
53350
61036
26441
27825
16455
54944
34024
47100
26098
38173
34070
14202
26445
34782
53589
22095
46153
33843
48442
14019
733
59028
29830
33535
32195
34361
8820
35756
34107
8525
23978
58896
39627
24072
47062
48193
7431
10221
41873
12240
60373
11641
34354
12212
21338
32896
48488
26628
53832
22517
38443
18219
12859
34774
31285
47532
6063
12067
26042
37474
34867
11031
48203
53166
42235
7975
25846
60105
34312
33710
40728
24512
32666
3913
20164
60831
33214
20532
33209
5717
32824
35732
33204
14014
26711
28804
14058
53570
32539
12856
38701
48471
12644
51883
32936
32483
37394
6864
31657
13225
59013
14298
28631
29091
46207
41427
36899
27833
34248
30828
28605
31116
16601
52326
34036
28707
49463
31559
28718
41503
50814
61894
20091
12463
13908
35922
28780
35326
40630
19441
27800
54376
26290
35381
32833
50361
34926
7986
7394
58545
53815
26859
35370
35537
17510
49413
51014
13157
49757
33955
19934
5878
6168
20752
32653
8196
34945
53208
41149
37385
34621
12055
35347
27497
32693
22371
35667
54604
25458
20942
34985
9513
39040
35298
34644
1541
52899
34454
8534
32193
34597
57029
25613
14375
19099
23559
32116
14483
35271
39945
60742
41913
28833
55125
28726
26094
34727
12466
29365
28020
33851
23853
20514
14777
40695
34435
29822
62007
34293
29693
29764
4375
34484
19470
35734
30373
34712
28680
13618
49420
60112
25685
34165
51349
8783
43760
227
13284
20462
56751
48418
35040
60525
62281
34126
8278
22811
13084
53893
226
41230
36271
33631
55747
42637
6617
34948
34521
14754
35135
555
34929
27463
27018
29536
50446
7187
33934
35336
26474
35497
19348
10632
7405
12589
22787
13247
49468
8591
60065
13999
39049
53840
41711
50493
47870
28885
39802
29416
35106
29762
47319
28750
53451
34664
14376
5690
33565
34855
32631
55174
61037
19651
12247
32816
34844
29759
29121
51324
6312
676
27821
34865
13121
37804
7267
34673
34362
34311
33852
13943
53707
34965
22997
47459
26377
41573
41435
55639
54176
30559
42299
25763
30312
29459
34169
21038
28768
8602
41529
28536
54792
28759
29045
50297
49941
55368
35714
34954
34982
34229
28971
28644
34304
55815
35979
34912
54351
54206
35332
29826
41545
50958
55587
60909
53176
42119
7944
12682
21669
15299
33830
33403
54441
29215
7914
31705
29034
29808
56981
37415
56166
47091
35646
55017
10927
20768
42434
21469
48045
54166
826
7097
46811
13161
48190
51291
40065
40352
36811
6873
35269
36266
31358
35186
33996
29125
7094
49395
28604
33925
53737
50953
21697
35541
38401
61479
48974
61769
53292
42759
35576
33763
14869
60555
29405
10262
46431
53125
53521
579
49428
34406
26366
48384
15572
41194
34399
54337
13236
43852
28655
28455
41338
60012
5969
41195
12368
33180
28593
21533
41457
7170
32950
28751
32731
22552
33803
48686
7299
50144
29178
37728
31360
8187
34975
41818
22367
47540
60651
21393
29545
54182
6475
28842
24327
59592
51835
23808
54716
34538
28081
41692
34742
6600
53270
13633
61580
11127
28627
33227
15286
28817
21362
30044
36
21517
57775
56198
35163
34378
54329
33175
29287
28315
50230
55464
6931
42267
13797
12963
61045
50850
13939
12280
19427
28521
45183
14273
41557
34806
34413
13374
33578
61102
21213
12308
33875
42015
30336
12811
29478
42021
34039
35747
40717
61500
48984
12457
34073
35055
1928
21794
50175
50486
41930
6042
27025
13007
55199
14029
6462
54615
33213
58160
515
32490
52242
33353
11980
40355
20730
27197
59520
23736
55673
5619
34339
29231
44045
22604
35696
5029
29313
12829
50570
28694
12713
20393
55605
33223
19878
53349
33724
33740
33145
35093
12158
11331
42286
34899
54586
14335
40698
21745
62029
41438
7465
34384
56686
34086
28171
61833
54984
39829
13504
49456
26045
42296
32939
55654
1866
60528
47562
34512
38008
29698
12386
45884
928
28905
46591
3586
55499
42758
42418
53641
55495
34767
49868
39148
14348
8260
32347
60098
34777
33272
40598
28807
29721
34951
35881
21761
34428
28970
25479
34547
1030
39810
27276
25390
13657
28911
30861
34715
33097
29201
55221
35487
13598
20470
26615
53351
32084
13885
20502
49660
34109
41895
6233
54759
29586
7739
28991
33593
20267
13915
8208
18820
26071
34816
20772
55373
38696
49536
34575
7338
13117
28924
33714
41440
34807
31849
14045
29227
55269
35005
27317
55227
30065
27290
14302
40190
34280
55800
33983
50330
41500
7625
36262
59020
59488
21030
35349
33926
22085
35668
39556
53246
54025
5528
61751
21916
34648
55118
25934
12006
12611
61799
28376
50373
40875
55343
38975
33152
576
26676
23237
27890
33670
54500
60200
54930
41305
35249
49750
40870
52355
61321
32089
479
42277
6861
6413
49337
12382
40973
7150
36293
55416
21843
55383
22974
54551
62017
22014
41417
56165
35472
21637
7956
55212
616
55284
54867
34499
26941
34344
43009
30227
28975
30747
10820
44643
13483
32329
14245
44245
7543
27243
35019
30242
50063
38966
35565
34737
36115
39879
8045
33810
33849
56369
41155
62352
61403
33918
35189
36265
60569
6596
53352
52077
27758
25906
51637
27580
35690
46970
35328
55225
33838
10579
32356
50040
30395
29181
13897
28160
55950
62374
41815
34568
15119
55015
31906
9366
21004
42002
41416
5778
41252
23515
14990
22072
14123
40861
3125
22866
21324
41618
28571
34793
47047
41969
29451
26865
41599
42150
54386
6095
34105
46372
34769
36259
206
59219
53323
53291
54527
32912
35639
28623
27719
17297
55339
53333
41017
35601
61589
21741
4632
55447
54552
29133
12340
42067
42023
30440
13872
59789
39825
29878
29074
34055
27216
60582
31775
7222
53649
37349
48426
29568
28186
60851
5732
61011
54363
38241
53886
54577
55245
32718
28494
27576
49904
41981
3760
34218
14583
5675
40085
53536
12452
34792
35649
3957
6749
26100
40236
26874
53572
55900
25196
35710
5681
35190
34168
19390
33043
55644
35430
34837
34980
22248
40654
32449
34614
53678
61325
49656
1639
56890
29462
13956
15071
24968
22286
6522
53756
26032
27296
34359
31297
55697
13074
59593
39571
30927
54616
32797
16297
46051
32753
41562
23252
22672
55517
43894
21866
33772
35133
25870
41534
12051
23324
61547
30010
59976
26894
53452
29328
30898
22221
53901
51990
30033
8457
29434
5364
6878
35371
44207
40322
46504
29743
4313
29775
13658
31749
28964
6926
56521
28552
32300
41413
1681
33874
6246
35130
13018
54744
14438
7354
35415
6234
35730
20021
28671
37477
42040
320
61841
33954
26576
25392
28896
40850
23803
34658
29120
33308
21511
45495
56009
35074
59470
13202
33928
34780
60224
11819
33778
14305
36012
25867
59599
30686
6013
35421
28061
26959
34667
8160
14291
28510
13775
56029
22023
25185
40617
54336
60709
34407
53968
34319
40391
32792
40855
27666
22292
7554
6048
40154
49937
34001
14431
33750
7407
7022
34147
32306
48752
29903
10122
31764
27079
34893
32569
8462
25751
7364
40331
13565
5680
15869
54490
49208
42734
55459
13254
47931
30870
48224
32279
14548
21748
6559
53206
43431
11288
15939
49220
39109
30758
20457
27613
1893
39549
15113
37090
15804
39997
39050
22119
29961
38461
37197
16539
21147
19330
32878
54092
35337
18801
10842
29541
13433
18532
53080
41163
40555
36256
36794
529
40273
41581
41701
8565
27220
20594
29337
47713
54252
27221
8774
14478
20185
14053
21250
33466
34231
46657
54521
7228
34048
61782
15280
53798
16651
56617
30516
16474
41046
58698
39264
41551
30190
30670
52788
35873
55784
33286
52199
32780
59894
36122
53541
10583
54618
40998
54422
35264
35691
12952
47401
33370
39059
35629
3606
61013
41533
53453
57925
28566
49601
26892
35807
47143
32656
54085
39176
41286
37840
13674
42352
59535
3154
34439
53278
42336
35701
52441
11959
12544
27915
35607
41275
41987
14783
89
29630
43091
20533
49525
32516
33908
40900
19851
30193
53172
25286
54981
53502
41454
39958
34400
6483
33799
40162
15568
60043
32351
32809
26178
55063
40107
59528
33016
33320
59000
39326
40394
33651
29505
18821
34516
47871
41136
39347
39527
40439
60541
39151
11474
41220
38028
20832
27932
40602
3665
55346
8202
41439
56568
32970
53318
30438
56418
34847
12998
41245
39927
34952
12095
41582
4862
39522
18854
61646
51932
42804
26223
32030
13582
33907
13800
13337
58665
41586
56534
33307
33964
27945
12897
34471
60601
18357
52687
59751
20332
40028
39621
24909
32778
6537
38309
35302
3253
50411
59402
47298
42241
19363
41727
40373
12542
40971
35141
40642
54331
21911
38961
43646
31230
40648
40119
41668
62473
20347
9057
39655
40794
40088
39486
17711
40944
38063
41150
41918
41371
60083
61417
4250
14372
35309
32059
13510
33252
38379
31934
60305
23157
28118
5996
62421
31925
55726
54151
25917
21145
25307
33369
35764
40377
20119
38971
12040
30090
28730
61541
27641
62162
30296
55535
41623
18518
20574
46338
21397
34050
59495
31309
1939
16090
60232
37221
21221
34788
60987
19923
33172
13259
13713
25081
38034
26239
34043
38812
39637
34330
5756
38713
14054
42064
60119
38261
40755
39144
31511
19152
32961
38857
31835
50848
15061
40833
54622
37981
32720
2835
33096
38031
22991
34498
54931
18253
34146
54410
40800
32696
48797
58789
38371
30664
36014
34801
26800
35723
35125
39938
56962
40111
61353
61758
32853
34669
39128
45788
19484
21262
32186
40072
22924
2102
19919
34680
37939
13424
50058
32615
25408
59700
61689
54375
20801
43637
8261
62349
32050
42692
61090
33914
38815
34947
60469
55470
7658
20662
41477
40202
12529
42077
12169
19643
37617
35854
54448
40551
7420
32854
45358
33090
11964
34067
41240
15397
21694
41523
41444
59434
35223
8298
57709
33380
40024
29543
13547
41106
13765
60717
33099
47408
42117
35024
19626
42149
19721
61930
30339
30189
35530
30743
28649
10674
36700
49570
35918
59378
59247
28213
14886
3055
35570
50087
40731
55764
33916
61644
41142
29544
39288
40651
35534
58447
31288
35314
13762
33343
13434
54627
61157
60755
35154
41550
21600
59729
62423
32870
26810
61389
40933
40486
20975
41048
42039
62182
12375
34773
13821
13783
53829
56451
27195
36569
49813
36127
40497
55712
35049
57320
27644
61291
61414
9525
35878
39806
35781
30298
33186
22270
55980
18397
33888
38652
41263
35640
5187
5763
41820
19681
40934
60468
47674
50567
32140
49417
6103
42449
34536
21041
22730
29600
39422
20794
41570
27713
35438
49576
41828
62409
29335
34495
55797
61206
47655
55809
42006
12221
42052
40346
33280
35622
42607
41501
41255
30110
35860
27958
41585
61518
39267
27111
35395
25327
36430
42010
62065
60511
15216
40371
14582
179
60453
20467
40777
33655
36106
48766
28193
48541
40293
60297
27112
42058
14936
33672
31580
55233
13585
48255
27795
42183
27372
8890
55367
39793
29296
60736
34187
44526
62375
34540
13414
27376
41741
49170
8600
41854
26767
39815
42484
2762
35760
52540
29336
36054
36487
59739
61357
7069
60536
48359
43731
54196
19920
59761
46135
34508
41174
42139
35883
41896
21361
42387
40700
8015
41844
19875
33667
54442
15085
32747
27700
55778
43138
56870
20494
60279
33275
12967
41978
58790
38368
36196
24463
40935
19700
13576
34999
35689
49842
18378
34106
49688
41184
40567
41362
56655
59831
41653
35594
29254
38658
19469
35085
60912
3745
42264
18660
22054
39273
34497
27619
47949
55798
37214
22043
29269
34668
21614
40720
61257
41367
33621
27636
15498
17767
34088
41721
12567
20327
61542
23984
10274
42116
61255
29943
42406
48220
55468
26730
40656
14496
27905
61637
14299
42698
19977
42053
49328
41047
3926
48769
60493
24783
40184
40454
15629
61512
35391
35363
15331
20725
49290
36088
42084
41340
42047
55930
35991
20146
34824
37057
35033
524
40096
27141
41441
61484
26558
29260
37068
6681
33458
60296
55683
5881
25768
1329
36576
41089
34535
47691
61326
34781
41468
41561
20837
39533
19991
54817
3021
41166
36028
60867
20898
25889
8049
39428
41965
41516
15659
6232
60201
48629
26480
37735
27930
40077
41995
61221
35615
42377
20191
36165
41974
36608
12926
39871
35181
35101
27843
7033
32389
54167
18031
59955
62322
13166
59238
41447
35706
22033
28894
35812
51383
34418
18931
40926
20014
54447
26467
17906
40416
36068
33915
49050
32019
8207
35797
50505
34619
40302
9495
34006
41502
13446
42099
50750
34166
60589
26295
34709
61940
5017
21215
41030
34113
19351
41939
41428
20934
39667
6156
35018
20589
28958
40149
27859
27903
33871
41224
41611
40594
20399
6957
53642
29814
39896
23165
37544
42269
36538
689
55231
15688
22144
33896
30663
35116
12600
33266
49780
60857
58968
33558
46937
47001
40901
36573
32660
19378
48612
33478
42162
50012
19776
34249
40767
51927
5644
28075
35621
344
46316
40192
61992
12223
42249
13719
41134
4608
15272
36365
60568
41490
7404
7481
36113
37726
48283
61961
27777
39134
61767
61010
62024
49053
57284
28205
34789
13005
6382
5245
15189
5561
62297
35852
32478
20310
36451
26459
39711
29028
41425
49771
28287
57481
20672
12309
32743
35888
41488
61327
41603
50537
42037
41288
41406
33485
60680
44210
8669
12994
61710
38250
44502
15806
35214
41925
61893
41777
6664
33046
33135
15884
56129
14697
14922
36587
61460
59677
19744
4746
35068
41649
41584
25698
19794
35664
39875
52477
12400
21257
41620
34972
49539
42229
20244
19447
61581
20370
15824
54712
40627
39195
49823
61433
35733
35653
37942
28884
39800
8259
29583
41055
35563
29289
36721
35066
20535
35826
11480
41212
34772
42335
48897
35713
28951
56268
28706
60747
60475
14811
41456
60727
33872
19807
50510
17831
20189
19922
42160
11255
37092
37522
25948
40305
14271
27972
27434
41790
15056
60744
42114
54120
59967
18651
61351
59881
5363
20774
991
20596
41271
34464
35259
36681
18171
21689
33942
37791
40610
28462
20652
36125
18180
48309
58768
7661
42027
27602
35856
39466
18044
56282
62360
42170
61050
41654
35114
62284
20663
41606
12127
38747
35402
32755
42706
61565
56515
35372
33883
61911
21842
20669
33941
27934
54777
47772
41770
42605
20700
7501
50533
61676
55706
13451
12054
36340
14891
39075
39081
20276
36609
35514
33913
33482
20384
41095
36635
41023
20980
43045
55498
28907
37187
40795
40737
41032
18637
41563
33600
40829
55257
40176
60081
41138
47974
41567
37029
27770
14379
33545
34269
61903
35245
54614
49544
25328
41737
42315
41951
59790
41541
60588
22738
41310
41497
42034
44746
56254
27565
25802
53816
41996
40363
62368
32700
46896
42334
20874
35608
60143
13281
27969
60683
20361
888
58304
55429
41035
19544
60108
41177
61573
56368
37264
41684
12297
39726
35675
60917
33820
34251
6131
41704
34174
62059
44974
39068
40343
15123
22036
29859
27950
59731
20043
34759
53864
20045
35945
21077
34414
45533
39751
38808
33958
35210
34124
30333
56940
53466
49385
29513
38739
44223
14858
29005
36524
40924
61516
15601
21833
36561
14844
42465
61835
21859
112
54426
15767
36331
21627
48678
56519
44517
36903
61701
7000
40622
15363
9034
22201
15843
36537
22849
36940
5547
41650
28682
61222
44430
1562
60062
39622
28058
48572
27338
36868
35725
37136
40936
60684
29052
13541
26568
36009
61641
36220
35990
43528
44035
38416
41687
36091
6178
62410
21544
35650
56812
7305
34818
42079
36300
9674
61896
37954
15228
49105
37253
36294
22331
36060
7362
57165
40561
20591
38234
18225
40907
608
35109
41242
23000
46897
37832
322
16071
42059
41658
36701
19881
40813
23309
6129
5725
29257
50085
21373
40185
41323
38865
41871
38427
41336
27911
56102
29876
5757
6528
37353
16036
47728
28483
40577
23866
15914
61905
25667
60942
38107
48302
42995
36539
15295
4364
55122
2148
20484
28836
48222
36436
42013
41054
42020
28735
61068
55510
22494
34803
35975
41589
34195
56201
15833
27590
36272
42195
9447
36717
24255
20178
1213
40528
595
36807
21934
29443
35919
21961
37097
21372
42094
50020
37265
15154
36087
17268
16387
40712
6529
55515
15128
20007
5631
43122
42420
35373
21873
42176
33894
35779
39035
21003
26513
42255
42104
41902
41494
27898
15876
60355
35124
27140
15706
25473
62092
20177
7987
29294
15334
42331
34783
33965
39720
60535
35464
56028
34729
34539
35783
37620
59437
22212
41905
28899
21291
9469
41346
36944
41849
610
29605
8685
37449
36318
58280
38445
35887
4980
21234
41104
42261
54317
55878
54940
61372
61991
55268
21181
55190
36562
13799
37070
21967
25596
34442
27358
62373
36273
29623
61272
7734
1895
15297
20503
35711
40703
6553
29415
41347
5278
40641
12124
41971
29213
32088
33937
58182
8040
35804
41182
56101
6519
36406
5808
43379
36399
39723
27973
35699
42764
61256
42473
13859
16579
41495
19684
35682
30314
23188
42375
19147
62088
35768
6143
14926
20125
27432
20996
19783
26064
28289
15359
33304
41395
37713
47442
22932
28535
47725
29007
61103
40689
19133
33462
28227
23003
11783
20738
35718
31803
50071
16371
45787
28367
57976
34762
37940
30150
62417
20909
40524
15502
12831
50467
36158
2723
49887
23373
28826
3350
45301
59483
23785
49484
16624
59206
57764
9640
53232
54589
48608
48650
28390
11939
27300
58484
32265
54284
20949
55049
29089
55855
47255
28343
55640
36819
49405
22101
31958
54335
5981
34998
6159
13113
34309
59920
26378
60456
46463
21795
3518
54377
48284
53988
33570
53789
55366
55931
53743
33181
20667
48179
47863
48452
1563
47797
24616
25070
46845
54237
33344
54113
48174
26389
4002
46453
53518
52929
54005
55003
40867
10379
28845
6539
53599
39224
47905
47081
44749
23589
35213
52848
47270
27805
54064
32662
47043
12460
34032
45738
53153
26124
45896
47107
49327
46237
33943
44796
48485
46232
55708
54098
53768
44937
47571
32267
5569
47203
46034
25577
47117
58649
26209
59629
45964
33977
54325
50338
55054
54368
48679
43501
39266
34866
47981
58401
34281
25101
13906
5988
28466
668
31653
6880
22944
25494
47991
34728
47488
35885
47278
49604
11594
21574
22669
53171
54770
42732
62362
8836
53507
48178
43003
6851
7376
48924
57164
25960
50169
27370
4232
47580
47179
27991
50704
49331
41008
13064
42935
25156
41674
11739
48960
5387
10872
50271
55342
11686
27436
56596
35333
29305
53665
30204
44800
45901
47346
48064
14396
54971
4288
48151
59667
6495
5303
26508
13550
34583
6313
4155
28945
34977
44254
28809
46003
34305
47876
28233
34627
55415
12429
47845
50308
43081
48654
26552
48215
54745
27997
25269
42940
49338
4410
55081
35158
45695
48652
55357
31938
52801
26622
50152
21343
28184
47378
47609
34369
13961
46380
22638
49355
13139
42024
43225
33493
48986
54567
42834
4541
48172
25525
28169
6322
44615
46230
684
45327
25278
46506
56011
48440
55881
27877
8610
28202
6138
45338
53995
13707
48097
34477
55327
46454
26073
53382
49200
5782
10838
54883
46305
48564
42222
19559
12823
49867
5745
48618
60504
47028
54008
49271
35944
60207
26145
25073
52115
47354
7999
49073
11896
55387
26706
27581
46689
60059
27161
28380
53738
49322
20204
48341
28224
42524
41254
41071
47852
12803
48921
5664
27260
35461
42751
53703
55772
26143
6785
35129
44108
45478
22660
54250
14297
46509
13091
49364
58523
14722
18778
27809
46787
21670
46806
57361
60906
55041
43515
47809
43519
21410
47260
34938
35168
47563
985
43445
49700
42714
7569
42515
43529
28196
28313
49248
55913
48932
44802
44527
48574
36261
13428
35289
27247
1665
42856
60931
16484
44167
48793
12849
61096
8903
6997
55047
24140
43249
1074
43793
49344
43093
53470
655
61175
62405
36130
55656
48015
25679
9459
12156
28023
16202
1045
46882
44589
41879
43343
22744
48971
55341
50066
23688
7249
553
28328
49645
7623
44193
21276
54963
44698
6810
43453
716
175
54762
1451
56741
61970
36480
6828
34918
43214
6727
44183
48089
47438
47146
9027
49426
44012
16391
60415
56573
43210
42765
55532
43110
26550
26908
27339
50911
44028
46994
55768
48469
42976
53653
43848
43130
43117
6461
55856
44510
17840
8976
22006
49375
56365
53414
5673
47409
61446
50939
46141
46877
32398
47673
5049
5450
13346
16081
44072
48369
48738
46644
55627
42932
54943
21965
60944
33607
47698
49854
34000
48330
47611
49865
51062
21734
48385
50674
49358
27329
39771
41675
44060
44122
48610
61493
39775
57547
12274
7039
48945
27342
56182
43748
33974
51490
57380
49552
60036
28277
30233
28212
50133
60703
47246
50619
1780
61146
13962
27004
55288
27783
43745
11562
55052
43939
60798
49678
2131
55610
48401
48244
45667
27706
34306
47137
14252
8243
34962
22894
27414
8496
43158
54839
42701
3398
47899
35595
44293
55053
49956
57322
43644
36239
32917
47537
42962
54070
7141
59632
28641
49022
55788
34609
48739
6148
55663
54357
48034
27348
49877
43041
852
12665
49017
55854
50630
44043
13604
57221
55734
34431
61923
467
5110
10219
53156
45570
11878
17376
52797
15816
31978
40216
24093
25427
25174
9446
57663
30068
51693
52057
3320
30372
52599
25452
45823
49885
43209
51778
53857
33816
13889
52119
23118
29302
48016
33879
47019
1360
34333
46654
13413
51262
26436
34946
30168
41505
51834
51581
14785
60576
54678
34461
54457
47621
33285
27882
60748
55979
35262
29747
14220
52394
28513
33929
61498
54561
55254
33503
37894
34468
29512
36070
55222
6973
49961
54656
53989
28728
482
49704
54080
57632
41185
42103
61066
45656
49529
55433
56370
34247
53998
42354
8354
56206
32445
54223
60550
29825
38640
55135
49929
58248
55147
46992
18560
54879
10460
55128
49889
15378
25804
19996
32349
48768
13386
11789
34662
53522
15620
52757
2264
46208
4897
36353
40953
49274
54036
18117
60827
32739
54730
52351
60985
52080
52954
16696
59732
54936
53087
42341
53150
12481
26147
53566
45876
61274
52120
45641
54011
31724
44810
39047
33795
42715
54395
12624
43180
53865
46312
12983
52468
61318
57836
49398
56046
49446
60349
58541
20745
34003
45091
60022
14386
28865
19630
40820
35374
41270
44856
27871
46244
62257
36981
54531
18034
11356
12514
29017
53467
52391
17872
55340
11263
53851
50357
59015
41626
54155
52748
23629
52826
52623
25273
6928
14207
56000
34426
54050
19117
12081
11426
54475
51818
18058
5666
16627
52432
35630
62346
55514
34292
58607
13606
42253
32987
13415
54141
21618
33561
27831
59327
53675
48888
36460
12851
47289
11081
56472
45547
11716
31819
31158
54720
49633
11942
28546
55813
38962
57723
33150
34082
33270
11615
46798
13057
55586
55275
11082
34186
50714
53428
47559
14519
58737
54983
32673
42311
13465
39240
12775
33284
58628
53866
54124
28463
52842
27042
58971
30376
33749
39065
44878
25723
10631
12157
12750
55534
32664
11430
45387
33789
52299
48204
52474
20084
33773
40946
47624
47079
26287
12779
53244
53169
39380
49057
45413
18335
52769
31868
3102
33720
48967
55074
53201
11762
51739
42927
54652
34173
53773
59847
27168
34103
54137
10504
54049
52480
42902
28280
62009
59531
32341
54692
35053
36133
59706
46993
11653
34751
39300
61002
29350
34393
33402
53179
54107
25266
55562
11910
54522
48199
53258
41383
61233
17471
34470
32735
44667
28094
11407
33982
14165
33155
52114
45817
58995
54407
60380
56030
51297
26735
53027
52593
35092
25240
61607
11678
52104
53342
55181
27844
33559
52445
53603
34805
10472
21216
34768
51474
52651
44598
54633
61379
31500
52381
53964
44632
53804
53696
28580
55752
29270
41248
54461
46533
43849
13900
17708
23949
35192
53276
41831
54205
55829
5319
35700
21538
54100
47061
56017
61574
55239
14405
48882
5912
32609
29446
18473
31933
21353
10561
55945
53934
59780
59455
13033
10597
34612
48100
13826
34220
61253
27873
56160
39297
7146
56941
7473
47546
11253
47925
28347
44359
62253
46857
53101
50481
61546
58711
35218
39607
53690
42946
52276
35341
62118
55471
61571
56728
10535
47460
49402
12870
49001
7280
53052
62008
55097
40177
59330
34300
52223
58258
40079
52424
33393
14034
34455
56132
42922
13717
62306
29118
39765
58509
54898
46733
55381
60103
13652
11113
5713
60635
46284
54504
47659
48950
61522
61091
8387
53825
34374
59713
53120
47250
49252
7191
47798
41600
54194
41276
51311
54825
12627
47823
14160
61989
62190
18811
54104
54776
33436
35282
59443
52765
56997
62243
54548
54344
6755
34041
42363
47939
58154
49852
54041
43819
14735
14393
34139
21027
62247
55355
34873
41672
28115
54529
49659
55687
56291
31614
13879
47341
54148
5209
59438
14337
28396
57269
12226
60687
57136
59459
55503
54009
59338
21052
53233
7780
28648
55506
41715
57146
18717
53245
53917
35274
55457
40614
55354
54146
60251
61023
29387
53745
53776
59993
61213
33325
35067
8032
21537
35454
41303
39437
56088
54280
54239
22922
61791
6818
42423
8167
32016
46030
9696
53401
53527
47952
61717
33796
34935
11470
34542
11913
56341
51202
61509
55943
32134
47631
39864
47232
54389
13841
45739
61021
55385
20232
54584
27185
55493
8939
33021
14319
11030
61223
55606
54611
55643
55444
61241
58974
61502
56200
49994
51114
61035
54941
49554
24836
60247
52722
55905
43279
33972
21733
34125
35173
7788
14457
10988
41162
13963
46553
55537
54574
53383
45633
7491
55720
54290
52908
61867
26759
33564
17990
13656
34509
13651
47393
21811
60374
54278
34066
26839
54703
56616
54089
12816
8582
50044
35303
53730
4024
46793
1802
28662
4834
49563
48872
61480
50890
50188
8251
54682
28414
48374
12774
62325
40710
27721
55658
13261
8336
48072
59961
32764
55770
29267
29048
32801
61521
42780
27763
33316
33886
34757
9823
43314
62305
5022
59002
62098
30207
11813
7324
495
54171
55210
46519
55982
37157
35627
55126
13076
54289
34133
61396
20438
58252
55845
12587
13818
34469
49548
55993
48293
14074
7382
50887
13060
21721
56211
11976
39103
61248
48484
30131
60021
55449
54735
33245
25857
42558
13659
61828
61431
53267
54555
25293
55139
11961
46641
46584
52278
54043
22093
7970
35229
52499
53264
53574
48731
22828
61267
44338
12742
11367
55084
48012
34440
11892
45272
54394
49366
49279
5635
20809
33023
7335
6889
20871
34143
54803
54897
43512
4598
54314
4798
29290
6499
60977
4830
53714
55109
49222
48292
59688
59624
50700
55397
11707
49719
7290
54066
19354
56032
45997
54323
7928
62313
24712
49273
35087
11853
27120
10758
8069
6511
56319
50515
39801
35022
46558
60789
36729
37724
46720
47376
61561
50105
31289
60248
21817
53311
14131
54473
13847
54269
54465
26773
35446
53509
55108
53721
12655
49524
12316
54217
29342
23809
49629
29149
11005
52440
54414
55099
62140
8435
11629
53697
22015
11245
13295
54405
53718
34134
10638
12064
54685
56184
52942
54569
19791
62188
29212
8117
43636
61528
60714
54990
27003
48449
30280
61286
60205
50314
28308
58
10722
61413
49745
10554
53040
57489
60472
33687
54662
54313
53465
18906
54580
11655
60263
47604
49736
40452
54854
48747
6027
28925
53094
19119
49317
58378
54891
41426
61615
19204
50084
11970
51301
34883
61217
34237
38403
53994
60214
38275
54997
44366
46417
32663
45852
54860
10971
32456
20576
20742
49838
46750
12445
20031
56627
39014
42998
55287
55259
48457
55272
41469
33639
43803
49735
34430
34656
62266
4887
39397
55558
60503
57168
53340
52887
39106
4276
55365
12904
57644
54204
28545
34136
41298
60307
61408
56386
5452
54619
48999
50602
34074
29041
55096
19832
49019
24429
45881
27803
49637
8280
53412
11429
55201
61487
35648
38467
58852
47074
41437
42747
49950
29251
49893
35001
50422
60670
18305
11556
49217
17556
40693
54572
53392
33604
54355
49314
6304
49903
34028
59196
43016
34523
46756
54861
53706
55705
60006
34689
49985
61294
45406
56092
52886
56148
55414
15312
4707
14060
49749
55009
42259
60172
25208
42364
49827
31818
36631
60402
55152
56501
12596
54303
34023
46491
54262
29734
26720
56393
8618
44176
59836
54380
54452
42414
40045
60295
5741
55779
22059
55680
46588
50645
48420
54212
7016
54152
61296
55094
33692
48405
58715
34446
48059
34976
5125
11714
49475
55329
48893
55670
32635
50400
40931
54894
54502
47427
55786
34245
50048
20243
58166
61000
39847
41964
8273
54479
49793
35329
53544
11977
56670
56560
8410
12173
54094
55314
54987
49334
14055
55348
41156
57331
56266
13727
49047
22397
44228
53719
53612
52154
38010
55140
55171
43202
41273
43120
7372
55628
52847
54374
55700
28624
14073
62013
58662
54821
53484
54468
34463
6045
29172
60597
54849
29308
35260
29191
11944
37412
28955
13934
33450
7735
54596
21786
55557
34731
48569
35100
61368
52902
54010
40968
54503
55916
54563
53788
42812
43288
55960
7575
13740
54927
54492
22029
32991
44127
13207
61750
35205
21672
53663
59826
52375
61176
53468
58520
56916
19433
56993
54324
22678
54077
54360
13343
50569
61425
29274
12480
50118
50807
60288
56122
50264
54643
7516
61709
34744
4776
55946
29421
7208
48431
61470
13554
33780
56272
45897
12979
13784
27146
60984
29047
55400
57918
51440
29131
62099
26739
22077
52409
61866
48206
54282
55285
27511
53360
53205
47864
49828
52507
60177
27922
29154
55867
55372
243
34405
13973
55440
54955
823
13757
53036
47273
16309
4006
29838
56646
48395
62426
796
25001
51251
57105
49297
53991
55263
29413
61537
57768
41946
41750
21825
35046
13293
49460
62345
1876
1036
56074
49512
60834
7320
43792
49167
55370
54573
41424
56405
41009
50620
49954
54900
49655
54224
55671
8690
56694
55042
34046
14867
49098
53777
52959
55192
7904
53824
61352
9138
42763
13448
54605
29171
36033
6420
49697
51393
62302
56621
44056
50799
8357
7300
56710
26614
61315
54578
56250
61764
20447
35524
8909
11784
50368
62132
14332
55247
57430
7607
57335
55632
8399
13049
61306
1087
49404
55694
37325
49588
54241
54833
46907
54804
7775
55226
55502
55684
43302
61430
8066
51529
56954
53713
49717
8337
49881
7296
44211
53519
49492
55915
45432
55584
55810
49764
49680
48399
50102
21189
20061
33574
8866
55866
60994
44491
9850
13893
55769
49499
50015
49494
4353
55243
46835
55352
55775
48926
33161
6074
49589
55069
56624
47638
61597
54787
56536
48115
14137
34544
49542
55903
47208
8948
14258
47464
55857
54641
910
2606
61788
34500
14422
26510
52385
55389
51033
62404
53809
54590
55832
50441
51698
49789
53294
48929
42934
12978
50370
54620
48589
41975
50122
54859
47237
35344
43265
61834
28553
48149
53786
50344
33575
34822
27801
55434
53794
7603
41390
61928
55516
60580
56303
54681
54333
61538
34501
34917
55105
56663
56118
30652
60080
47633
13548
22084
52145
61830
43275
7745
6277
48524
59983
6358
29060
60454
61055
35458
62033
36651
48067
61732
49424
39476
6899
53229
20917
49286
61262
42272
55869
49658
33315
56871
12139
5495
55490
29104
62287
62021
8505
53561
53249
53731
53958
42754
56633
61275
55972
51999
22777
49474
28504
54462
55351
42669
22053
56042
56123
52938
60606
45079
59773
48532
5307
54707
50234
41512
60230
29702
35111
13997
42075
60988
14256
60639
29739
47176
31555
61468
6036
57027
55674
61606
41232
31171
50535
49990
35592
7518
60199
60495
8051
49519
42634
60123
42638
61792
60903
34713
56175
50636
13518
55894
62289
55418
60823
18673
47654
47099
51211
22880
15321
27416
45452
16994
36260
23141
59176
60005
39006
24143
7711
57388
35293
57147
28266
60256
60502
17186
54953
32208
49925
56530
50579
39914
57036
60828
56146
3781
54493
53295
41325
32520
61653
62261
45583
53778
50104
53044
39977
12980
33657
61976
51295
59767
61865
41001
62195
60398
34696
35321
48805
61612
53348
62406
37959
26401
61243
61643
55750
39301
53822
39935
19980
54179
38239
39973
6102
60496
9494
48227
43886
52668
32937
38610
39361
31606
40687
46890
40147
60544
35320
3648
42293
19126
17787
25204
58685
12135
17834
53299
45264
54460
52806
41433
40629
62388
61821
20005
27656
60695
46880
60179
18807
53037
27130
56269
59769
43487
53852
57009
54852
53619
60321
35762
20621
56822
42896
49599
32455
42153
54079
61801
53218
13454
61451
41856
61041
53845
55286
32979
60876
14613
49422
44233
14654
42550
60276
49061
35868
35028
55487
27607
12362
47989
55189
20659
1792
61849
47400
11945
18706
12817
59879
18573
18286
35376
31075
42393
60530
38076
35684
60203
41378
60145
57397
61505
40760
13782
46619
12953
47715
61089
55184
53063
40482
35308
27931
61884
55273
60507
59942
54400
7692
53476
62444
53072
19186
53811
29160
15158
55626
28024
12951
55166
12097
35015
60753
5214
61526
5102
14161
59510
42682
60830
52667
45233
40732
62204
43109
41277
55010
61402
11246
60517
12356
47128
48775
56844
47944
18635
19822
45924
23951
31040
60421
62077
12905
40037
27992
4704
20315
60922
57180
59121
11829
49958
60052
49144
39360
11596
55496
61302
49224
57097
33882
10275
60787
57817
62097
39872
54184
12395
59281
53012
60497
49481
26804
58988
56069
59091
11877
42410
61336
49280
32518
38093
20841
57445
34700
48049
18116
29885
20414
11771
11122
61873
62037
35118
55936
48523
48504
28032
49130
60945
5526
61908
57191
11732
56098
10113
62497
41349
14556
43883
35726
34170
53563
61809
57163
35626
43139
42292
4898
28253
7072
19281
46844
21122
61583
20011
61488
6082
45098
59334
23952
40652
39359
48237
61120
49514
47978
53060
53623
61179
45011
38341
35440
61227
42055
34411
61726
59491
54559
56333
11311
19489
55749
60548
40383
4408
36883
10177
53850
12377
62430
5602
46104
53552
54150
39322
19259
45908
59016
56977
49826
54844
42619
13526
61232
56588
45608
49806
11228
60648
34151
55808
42109
14671
59541
35506
49513
23552
34205
41337
43103
62392
59073
49407
40458
59164
32187
40327
59302
32599
60225
26795
62025
49046
56413
53492
41146
61022
41188
54256
55817
41202
61237
60056
15445
39873
40071
101
47677
28066
48332
37417
56976
36707
54723
42881
33962
20914
56879
54977
29196
43914
49699
48937
35086
56214
5533
31009
40451
30331
60570
55186
61578
36781
50226
58103
19044
46997
889
2689
30059
46889
56404
60209
57985
49291
34208
42567
51064
57069
27346
13711
362
43064
56783
46855
36181
49041
9517
56078
56196
43054
21120
40183
48005
56775
48493
48090
55240
55224
25619
60004
39982
60911
49489
61292
56119
56008
46678
34908
36606
4952
20571
62170
14927
61094
25907
41637
56197
42552
62011
39767
39531
47953
26745
801
55213
19976
60956
13362
61394
62119
58209
4917
49215
40150
60822
62442
62128
60408
42630
49485
57296
48615
14693
55919
51312
48843
53215
33863
35108
61897
34437
16255
48107
4919
61757
42829
52290
48176
56586
61942
50369
43055
16
43321
20098
61048
48113
34832
43193
47437
1145
44155
48009
42325
42101
43642
9101
56172
49945
28247
55531
47431
43211
825
41399
54788
58575
13525
61839
37727
49758
7492
19897
48269
55986
60591
55949
60329
62143
35077
36335
41858
54654
19144
28646
62079
15117
36010
55465
60617
28651
50650
21685
54438
28243
33064
54320
56308
61763
35847
21269
55811
60972
7926
8838
62214
53892
54890
54112
53792
53955
49816
49762
34219
53296
51437
54419
54657
7245
