# Time-averaged data for fix OUT
# TimeStep v_vT v_rho v_ent
0 298.561 7.29651 -4.95616
1000 309.38 7.29462 -4.95354
2000 319.312 7.29496 -4.94583
3000 328.712 7.29111 -4.94541
4000 339.043 7.28622 -4.94701
5000 348.91 7.28357 -4.94553
6000 359.477 7.28121 -4.94404
7000 368.905 7.27918 -4.94022
8000 378.107 7.27718 -4.93705
9000 389.017 7.2769 -4.93129
10000 399.147 7.27496 -4.92726
11000 410.367 7.27212 -4.92557
12000 419.459 7.27071 -4.92228
13000 427.688 7.27117 -4.91449
14000 439.171 7.26432 -4.9187
15000 450.269 7.26429 -4.91319
16000 458.662 7.25972 -4.91356
17000 468.931 7.25895 -4.90817
18000 479.724 7.25913 -4.90083
19000 489.913 7.2548 -4.90215
20000 499.408 7.25221 -4.9004
21000 501.863 7.24859 -4.90417
22000 497.658 7.25128 -4.90199
23000 500.783 7.25032 -4.90242
24000 500.361 7.25231 -4.89994
25000 498.198 7.25054 -4.90313
26000 501.133 7.24844 -4.90505
27000 497.644 7.25181 -4.90017
28000 499.784 7.25476 -4.89524
29000 500.163 7.2481 -4.90609
30000 498.502 7.25158 -4.90011
31000 499.346 7.24884 -4.90453
32000 501.517 7.24922 -4.90339
33000 502.01 7.2506 -4.90189
34000 499.829 7.24986 -4.90232
35000 499.625 7.25201 -4.90062
36000 500.04 7.25464 -4.89447
37000 497.292 7.24857 -4.90533
38000 501.433 7.24941 -4.90329
39000 503.033 7.25215 -4.89805
40000 499.294 7.24839 -4.90572
41000 500.188 7.24948 -4.90245
42000 500.07 7.25071 -4.90206
43000 502.28 7.25033 -4.90288
44000 500.923 7.25087 -4.90162
45000 499.451 7.248 -4.90475
46000 497.613 7.25259 -4.89876
47000 501.694 7.2528 -4.89727
48000 498.867 7.25073 -4.90069
49000 499.293 7.25174 -4.90054
50000 499.68 7.25061 -4.90243
51000 500.529 7.25054 -4.90053
52000 498.922 7.25252 -4.89844
53000 502.356 7.24975 -4.90337
54000 496.949 7.25242 -4.89954
55000 499.072 7.25057 -4.90068
56000 501.34 7.25143 -4.90085
57000 505.233 7.25113 -4.89981
58000 500.12 7.25117 -4.90138
59000 500.138 7.24998 -4.90342
60000 501.699 7.25376 -4.89567
61000 499.398 7.25051 -4.90265
62000 502.325 7.24892 -4.90272
63000 500.37 7.25017 -4.90118
64000 500.206 7.25068 -4.90202
65000 502.563 7.24728 -4.90538
66000 498.928 7.2532 -4.89719
67000 497.103 7.24802 -4.90705
68000 501.076 7.25091 -4.89985
69000 500.889 7.25118 -4.90159
70000 501.692 7.25017 -4.90291
71000 497.596 7.25257 -4.89927
72000 500.277 7.24952 -4.90326
73000 500.625 7.24896 -4.90397
74000 502.28 7.25135 -4.9
75000 499.207 7.24967 -4.90316
76000 500.64 7.25088 -4.89978
77000 499.615 7.25053 -4.90101
78000 500.886 7.24946 -4.90303
79000 500.296 7.25282 -4.89818
80000 501.925 7.25116 -4.90035
81000 499.301 7.24911 -4.90423
82000 498.504 7.25165 -4.89923
83000 501.512 7.25084 -4.90075
84000 501.674 7.24901 -4.90328
85000 501.007 7.24978 -4.90195
86000 497.053 7.24885 -4.90584
87000 499.907 7.25104 -4.90015
88000 500.478 7.25115 -4.89995
89000 499.682 7.2502 -4.90343
90000 499.847 7.25123 -4.90124
91000 498.571 7.25271 -4.89891
92000 503.433 7.2485 -4.90465
93000 498.503 7.2513 -4.90009
94000 500.193 7.25074 -4.9008
95000 498.113 7.24747 -4.90805
96000 502.691 7.25188 -4.89971
97000 500.023 7.25147 -4.89878
98000 502.345 7.24816 -4.9048
99000 498.682 7.25075 -4.90137
100000 499.528 7.25275 -4.8981
101000 500.294 7.25068 -4.90216
102000 499.765 7.25038 -4.90331
103000 500.611 7.25175 -4.90004
104000 501.18 7.25261 -4.89714
105000 500.762 7.24865 -4.90404
106000 498.006 7.2529 -4.89896
107000 498.183 7.25251 -4.89785
108000 498.674 7.24991 -4.90445
109000 502.076 7.25153 -4.9006
110000 499.266 7.24984 -4.90347
111000 501.581 7.2501 -4.90024
112000 499.219 7.24716 -4.90723
113000 503.142 7.25223 -4.89798
114000 502.073 7.25006 -4.9038
115000 499.869 7.24822 -4.90429
116000 499.561 7.25354 -4.89687
117000 498.398 7.25142 -4.9003
118000 500.945 7.24843 -4.90521
119000 501.436 7.25199 -4.89915
120000 497.388 7.25187 -4.90118
121000 500.369 7.24992 -4.90435
122000 499.071 7.24965 -4.9028
123000 500.892 7.25138 -4.90058
124000 498.38 7.24831 -4.90446
125000 497.722 7.25245 -4.89957
126000 502.251 7.25169 -4.89991
127000 501.007 7.24837 -4.90573
128000 500.684 7.25097 -4.90157
129000 500.436 7.25435 -4.89533
130000 498.125 7.24941 -4.90531
131000 502.779 7.25174 -4.89925
132000 500.699 7.24916 -4.90349
133000 502.685 7.25191 -4.89906
134000 499.043 7.24973 -4.9037
135000 502.239 7.25277 -4.89917
136000 499.595 7.25163 -4.90048
137000 502.977 7.24834 -4.90382
138000 497.811 7.25078 -4.90144
139000 500.644 7.25482 -4.89462
140000 499.511 7.24979 -4.90369
141000 499.919 7.24948 -4.90384
142000 498.24 7.25125 -4.90099
143000 500.24 7.24809 -4.90385
144000 499.258 7.25199 -4.89958
145000 503.17 7.2544 -4.8935
146000 498.789 7.24831 -4.90631
147000 500.613 7.25152 -4.89892
148000 498.427 7.25214 -4.90032
149000 502.342 7.2496 -4.90405
150000 498.41 7.24959 -4.90479
151000 500.927 7.25058 -4.90133
152000 498.078 7.25202 -4.8997
153000 498.288 7.24958 -4.90314
154000 502.067 7.2515 -4.90048
155000 497.409 7.25238 -4.8986
156000 500.102 7.24985 -4.90362
157000 501.513 7.25013 -4.90136
158000 500.078 7.25034 -4.90304
159000 501.417 7.24955 -4.90322
160000 501.132 7.25008 -4.90193
161000 498.22 7.24943 -4.90275
162000 502.518 7.24586 -4.90861
163000 500.225 7.25302 -4.89797
164000 501.617 7.25108 -4.89994
165000 499.681 7.25399 -4.8961
166000 501.005 7.25069 -4.90124
167000 499.657 7.24744 -4.90801
168000 497.348 7.25229 -4.90074
169000 500.042 7.25109 -4.89988
170000 499.977 7.25117 -4.90109
171000 497.439 7.25076 -4.901
172000 501.168 7.24955 -4.90343
173000 500.342 7.25085 -4.90021
174000 498.838 7.24909 -4.90303
175000 499.623 7.25218 -4.89977
176000 500.996 7.24862 -4.9049
177000 499.481 7.25017 -4.90437
178000 501.086 7.25202 -4.89903
179000 498.31 7.24931 -4.90505
180000 500.051 7.25173 -4.90046
181000 498.781 7.25343 -4.89655
182000 502.514 7.25047 -4.90154
183000 500.244 7.24858 -4.90374
184000 501.569 7.25384 -4.89673
185000 502.38 7.24873 -4.90456
186000 497.708 7.24903 -4.90499
187000 498.606 7.25127 -4.89988
188000 499.871 7.25273 -4.8981
189000 500.002 7.24775 -4.90593
190000 498.948 7.25136 -4.90129
191000 501.04 7.25029 -4.90223
192000 503.005 7.2462 -4.90857
193000 496.888 7.25016 -4.90343
194000 500.264 7.25117 -4.90211
195000 497.141 7.25122 -4.9021
196000 501.131 7.25159 -4.90062
197000 499.552 7.25257 -4.89947
198000 501.414 7.25079 -4.90053
199000 499.741 7.25134 -4.90065
200000 498.417 7.25146 -4.90092
201000 499.762 7.24915 -4.90447
202000 501.769 7.25325 -4.89867
203000 497.845 7.2529 -4.89987
204000 499.965 7.24961 -4.90321
205000 497.979 7.25241 -4.8995
206000 502.103 7.25015 -4.90219
207000 500.309 7.25371 -4.89804
208000 497.181 7.24927 -4.90346
209000 500.547 7.25098 -4.90263
210000 499.61 7.25305 -4.89736
211000 500.276 7.24821 -4.90705
212000 504.459 7.25221 -4.89804
213000 498.996 7.25152 -4.89932
214000 499.306 7.25104 -4.90224
215000 501.255 7.24886 -4.90342
216000 495.955 7.25466 -4.89613
217000 500.115 7.24827 -4.90521
218000 500.53 7.25026 -4.90088
219000 497.83 7.25045 -4.90162
220000 502.463 7.25189 -4.89775
221000 499.863 7.25105 -4.90088
222000 497.95 7.25362 -4.89812
223000 498.263 7.25046 -4.90331
224000 501.25 7.24931 -4.90477
225000 501.135 7.25145 -4.89852
226000 498.423 7.25099 -4.90172
227000 497.017 7.24961 -4.90229
228000 500.714 7.25468 -4.8957
229000 500.988 7.24917 -4.90327
230000 496.288 7.25066 -4.90405
231000 500.561 7.25255 -4.89778
232000 497.897 7.24833 -4.90527
233000 499.999 7.25069 -4.90291
234000 501.338 7.25039 -4.90279
235000 497.212 7.2511 -4.90244
236000 500.841 7.25152 -4.90113
237000 500.216 7.2525 -4.89795
238000 499.332 7.25042 -4.90052
239000 501.97 7.2503 -4.9023
240000 499.102 7.25041 -4.902
241000 500.527 7.24887 -4.90442
242000 501.881 7.25428 -4.89567
243000 500.382 7.24846 -4.90582
244000 498.294 7.2521 -4.8998
245000 498.279 7.25363 -4.89855
246000 500.501 7.25101 -4.90139
247000 500.317 7.24928 -4.90235
248000 498.588 7.25163 -4.89892
249000 499.024 7.25146 -4.9025
250000 500.25 7.24862 -4.90511
251000 498.883 7.25262 -4.89944
252000 501.437 7.24892 -4.90469
253000 501.883 7.24879 -4.90411
254000 497.958 7.25186 -4.90072
255000 499.243 7.2505 -4.90291
256000 502.186 7.25098 -4.90093
257000 503.659 7.25252 -4.89775
258000 499.516 7.25069 -4.90047
259000 500.227 7.2527 -4.89899
260000 499.572 7.24735 -4.9074
261000 503.198 7.25196 -4.89978
262000 498.548 7.24638 -4.90926
263000 499.671 7.25043 -4.90205
264000 503.18 7.25156 -4.89969
265000 499.585 7.24924 -4.90509
266000 497.983 7.24983 -4.90168
267000 501.396 7.25148 -4.90138
268000 500.007 7.25088 -4.90103
269000 499.632 7.24911 -4.90426
270000 503.245 7.25324 -4.89583
271000 499.754 7.24929 -4.9033
272000 500.692 7.2502 -4.90305
273000 501.5 7.25116 -4.90025
274000 500.915 7.25117 -4.90162
275000 500.699 7.25045 -4.90116
276000 502.141 7.25221 -4.89957
277000 498.988 7.25232 -4.89895
278000 498.886 7.24984 -4.90361
279000 500.913 7.25146 -4.90072
280000 500.486 7.25097 -4.90093
281000 498.293 7.24902 -4.90472
282000 502.303 7.25251 -4.89846
283000 500.499 7.25306 -4.89765
284000 498.994 7.25129 -4.90158
285000 498.582 7.25001 -4.90371
286000 499.988 7.25341 -4.89745
287000 501.03 7.24765 -4.90758
288000 496.146 7.25088 -4.90313
289000 499.919 7.25029 -4.90255
290000 503.302 7.25187 -4.89859
291000 499.695 7.2493 -4.90402
292000 499.833 7.24928 -4.90427
293000 501.873 7.25092 -4.90119
294000 495.572 7.25117 -4.90224
295000 499.733 7.25108 -4.90178
296000 498.178 7.25128 -4.90163
297000 500.295 7.25076 -4.90052
298000 503.557 7.25499 -4.89217
299000 499.834 7.24852 -4.9052
300000 501.88 7.2493 -4.90387
301000 502.085 7.25293 -4.89932
302000 503.115 7.24831 -4.90285
303000 500.748 7.25111 -4.90157
304000 497.987 7.2532 -4.89828
305000 500.418 7.24887 -4.90404
306000 498.858 7.24991 -4.903
307000 500.682 7.2528 -4.89816
308000 501.882 7.25102 -4.90112
309000 500.75 7.24899 -4.90365
310000 498.243 7.25254 -4.89959
311000 497.88 7.25089 -4.90111
312000 500.375 7.24855 -4.90518
313000 499.597 7.25365 -4.89731
314000 498.443 7.25047 -4.90224
315000 497.861 7.25023 -4.90346
316000 502.084 7.25336 -4.89795
317000 500.795 7.24758 -4.90589
318000 500.192 7.25038 -4.9007
319000 499.939 7.25175 -4.8979
320000 497.833 7.25016 -4.90282
321000 500.606 7.24899 -4.90408
322000 502.297 7.25103 -4.90082
323000 500.844 7.24889 -4.90504
324000 503.762 7.24908 -4.90197
325000 500.958 7.25327 -4.89785
326000 496.636 7.25176 -4.90066
327000 501.414 7.24909 -4.90314
328000 501.188 7.25157 -4.89987
329000 495.03 7.25379 -4.89769
330000 501.823 7.24869 -4.90457
331000 496.853 7.25201 -4.89898
332000 502.122 7.25164 -4.89849
333000 499.658 7.24924 -4.90418
334000 501.644 7.24975 -4.90292
335000 496.413 7.2538 -4.89867
336000 499.015 7.24926 -4.90421
337000 499.252 7.25362 -4.89631
338000 498.095 7.25077 -4.90196
339000 500.583 7.25207 -4.89889
340000 499.342 7.24968 -4.90357
341000 498.65 7.25149 -4.90002
342000 501.9 7.25302 -4.89841
343000 500.352 7.24866 -4.90573
344000 501.587 7.24798 -4.90592
345000 500.722 7.25277 -4.89862
346000 499.022 7.24826 -4.90504
347000 502.16 7.25176 -4.89956
348000 500.985 7.25156 -4.90056
349000 499.862 7.25165 -4.89962
350000 498.873 7.25151 -4.90228
351000 501.756 7.25132 -4.90003
352000 499.738 7.24864 -4.90703
353000 499.677 7.254 -4.89759
354000 500.127 7.25068 -4.90214
355000 501.294 7.25104 -4.90107
356000 500.049 7.24858 -4.90398
357000 500.961 7.25151 -4.90073
358000 500.099 7.25038 -4.90262
359000 497.293 7.25347 -4.89769
360000 498.841 7.24986 -4.90252
361000 498.444 7.25072 -4.90359
362000 499.964 7.25448 -4.89472
363000 496.783 7.2534 -4.89879
364000 497.556 7.24967 -4.90251
365000 499.192 7.25056 -4.90251
366000 500.342 7.2506 -4.90016
367000 499.893 7.25158 -4.90114
368000 503.698 7.25265 -4.89846
369000 499.78 7.24776 -4.9072
370000 498.931 7.25096 -4.90262
371000 499.373 7.25136 -4.89898
372000 500.776 7.24968 -4.90315
373000 498.277 7.25353 -4.89802
374000 501.041 7.25216 -4.89939
375000 497.892 7.24996 -4.90276
376000 498.62 7.2518 -4.89918
377000 501.27 7.25197 -4.90003
378000 499 7.24885 -4.90531
379000 499.982 7.25301 -4.89901
380000 500.269 7.25168 -4.90055
381000 499.213 7.25173 -4.90018
382000 500.372 7.25103 -4.90232
383000 500.687 7.25057 -4.90234
384000 498.185 7.2528 -4.89893
385000 499.379 7.24853 -4.9061
386000 498.687 7.25197 -4.89812
387000 500.357 7.25094 -4.90152
388000 496.478 7.24889 -4.9063
389000 503.877 7.25197 -4.89981
390000 498.309 7.25171 -4.90125
391000 498.158 7.2521 -4.8999
392000 501.182 7.2498 -4.90242
393000 498.018 7.2478 -4.90565
394000 500.769 7.25417 -4.89551
395000 502.386 7.24929 -4.90405
396000 497.003 7.24919 -4.90634
397000 500.37 7.2516 -4.90235
398000 500.984 7.25106 -4.90034
399000 498.18 7.25292 -4.89991
400000 500.516 7.25036 -4.90171
401000 502.442 7.25202 -4.89923
402000 498.833 7.24844 -4.90452
403000 499.977 7.25434 -4.89747
404000 501.15 7.25223 -4.89873
405000 499.843 7.25162 -4.90106
406000 498.573 7.25358 -4.89666
407000 497.644 7.25091 -4.90185
408000 500.254 7.25105 -4.90157
409000 501.066 7.25048 -4.90279
410000 499.161 7.25017 -4.90491
411000 501.074 7.25329 -4.89861
412000 501.863 7.24894 -4.90363
413000 500.643 7.2495 -4.90405
414000 501.011 7.25141 -4.90169
415000 499.694 7.24983 -4.90275
416000 502.17 7.25336 -4.89787
417000 502.014 7.24985 -4.90205
418000 499.528 7.25184 -4.90089
419000 503.124 7.25132 -4.89922
420000 499.2 7.25236 -4.89816
421000 501.156 7.24863 -4.90476
422000 500.818 7.24916 -4.90612
423000 499.571 7.25216 -4.89868
424000 497.942 7.25272 -4.89767
425000 497.823 7.2492 -4.90556
426000 500.533 7.25377 -4.89561
427000 500.204 7.25094 -4.9003
428000 502.525 7.25184 -4.89889
429000 498.793 7.25027 -4.90164
430000 501.762 7.24821 -4.90589
431000 501.408 7.25086 -4.9012
432000 499.876 7.25071 -4.90073
433000 499.947 7.25045 -4.90123
434000 499.817 7.25145 -4.89877
435000 500.075 7.25051 -4.90315
436000 499.703 7.25047 -4.90222
437000 498.746 7.24849 -4.90587
438000 498.316 7.25196 -4.89921
439000 497.394 7.25094 -4.90171
440000 501.24 7.25217 -4.89783
441000 497.645 7.25175 -4.90099
442000 500.461 7.24849 -4.90451
443000 501.283 7.25221 -4.90053
444000 499.003 7.25101 -4.90069
445000 500.175 7.24699 -4.90743
446000 497.698 7.25049 -4.90371
447000 501.879 7.25336 -4.8964
448000 501.823 7.25036 -4.90259
449000 496.894 7.25091 -4.90218
450000 501.258 7.25437 -4.89558
451000 497.635 7.24937 -4.90425
452000 499.917 7.25102 -4.90121
453000 500.471 7.2503 -4.90242
454000 501.943 7.25145 -4.90028
455000 498.565 7.25184 -4.90082
456000 498.739 7.24826 -4.90589
457000 499.862 7.25095 -4.90134
458000 499.986 7.25336 -4.89813
459000 502.256 7.2479 -4.90656
460000 497.103 7.25064 -4.9029
461000 501.225 7.25272 -4.89903
462000 499.462 7.24743 -4.90696
463000 499.807 7.25268 -4.89996
464000 497.879 7.25029 -4.90053
465000 500.317 7.25119 -4.90167
466000 500.107 7.25316 -4.89777
467000 500.456 7.24788 -4.90615
468000 501.277 7.24915 -4.9034
469000 499.394 7.25242 -4.90022
470000 500.293 7.25198 -4.89908
471000 500.492 7.24965 -4.90341
472000 498.024 7.25345 -4.89697
473000 498.401 7.25268 -4.89838
474000 502.98 7.25027 -4.90089
475000 498.067 7.25323 -4.89787
476000 497.287 7.25013 -4.90313
477000 501.138 7.25019 -4.90132
478000 498.993 7.24866 -4.90515
479000 502.97 7.25069 -4.90025
480000 501.065 7.25163 -4.89909
481000 501.82 7.24928 -4.90549
482000 501.135 7.25227 -4.89834
483000 500.654 7.253 -4.89895
484000 501.861 7.25122 -4.90064
485000 499.758 7.2528 -4.89842
486000 499.787 7.24689 -4.90629
487000 503.393 7.25293 -4.89837
488000 498.722 7.25176 -4.90055
489000 500.736 7.25158 -4.90197
490000 500.527 7.24748 -4.90607
491000 495.584 7.25278 -4.89887
492000 500.8 7.25323 -4.89594
493000 497.373 7.25044 -4.90322
494000 499.852 7.25112 -4.9
495000 500.731 7.24873 -4.90523
496000 499.187 7.25367 -4.89721
497000 499.964 7.25029 -4.90117
498000 499.602 7.24892 -4.90529
499000 499.414 7.25278 -4.89824
500000 498.088 7.2514 -4.89997
501000 499.451 7.2491 -4.90524
502000 502.542 7.25165 -4.89827
503000 499.728 7.25258 -4.89855
504000 497.103 7.24793 -4.9069
505000 499.694 7.25032 -4.90093
506000 501.187 7.25152 -4.90024
507000 498.636 7.24896 -4.90379
508000 500.161 7.25069 -4.90337
509000 501.919 7.24934 -4.9033
510000 500.5 7.25218 -4.89948
511000 500.686 7.24828 -4.90578
512000 501.709 7.25337 -4.89633
513000 499.046 7.25064 -4.90308
514000 497.581 7.25194 -4.90004
515000 500.699 7.24846 -4.90435
516000 498.477 7.25277 -4.89991
517000 501.569 7.24975 -4.90321
518000 498.274 7.24912 -4.9051
519000 502.419 7.25141 -4.8999
520000 498.498 7.24901 -4.90384
521000 502.398 7.24938 -4.90369
522000 500.428 7.25436 -4.8944
523000 501.06 7.24783 -4.90594
524000 499.037 7.24989 -4.90442
525000 500.84 7.25383 -4.8948
526000 499.527 7.25218 -4.90025
527000 500.234 7.25119 -4.90082
528000 498.686 7.25069 -4.90273
529000 502.431 7.25268 -4.89868
530000 502.694 7.24577 -4.90757
531000 501.154 7.25249 -4.90009
532000 501.194 7.25232 -4.89942
533000 498.968 7.25037 -4.90438
534000 499.319 7.2506 -4.89981
535000 498.135 7.25085 -4.90034
536000 496.902 7.24809 -4.90494
537000 503.503 7.25105 -4.89953
538000 499.012 7.25135 -4.90015
539000 502.079 7.25089 -4.9018
540000 498.842 7.24996 -4.90313
541000 501.891 7.25316 -4.89682
542000 499.903 7.25194 -4.90061
543000 500.64 7.24974 -4.90218
544000 501.872 7.24954 -4.90388
545000 498.401 7.25361 -4.8978
546000 501.27 7.25168 -4.90073
547000 501.062 7.25098 -4.90139
548000 497.35 7.25219 -4.90123
549000 500.001 7.24912 -4.90313
550000 500.208 7.25567 -4.89429
551000 501.391 7.24998 -4.90322
552000 496.18 7.24777 -4.90788
553000 498.693 7.25339 -4.8964
554000 500.214 7.24977 -4.90256
555000 503.728 7.25039 -4.90227
556000 498.24 7.25063 -4.90224
557000 499.766 7.25186 -4.90012
558000 501.834 7.25233 -4.89961
559000 502.267 7.24889 -4.90347
560000 499.409 7.25149 -4.90125
561000 500.028 7.25222 -4.89836
562000 497.83 7.24824 -4.90689
563000 499.325 7.25117 -4.90083
564000 503.892 7.25127 -4.90008
565000 498.436 7.25081 -4.9023
566000 498.674 7.24967 -4.90263
567000 501.416 7.25139 -4.89925
568000 498.592 7.25279 -4.89977
569000 500.326 7.24792 -4.90589
570000 500.428 7.25216 -4.90102
571000 501.11 7.24914 -4.90404
572000 499.99 7.25119 -4.9013
573000 501.042 7.25003 -4.90349
574000 500.173 7.25103 -4.90325
575000 500.284 7.25239 -4.89898
576000 499.411 7.25115 -4.90199
577000 503.056 7.2488 -4.90387
578000 498.63 7.25094 -4.9028
579000 499.234 7.25315 -4.89741
580000 499.4 7.25044 -4.90348
581000 499.909 7.25129 -4.89994
582000 501.894 7.25277 -4.89769
583000 498.76 7.24911 -4.90563
584000 501.393 7.25055 -4.90119
585000 497.822 7.25259 -4.898
586000 500.913 7.25201 -4.89884
587000 502.75 7.24968 -4.90252
588000 499.504 7.25255 -4.9002
589000 498.363 7.25104 -4.90019
590000 498.751 7.24981 -4.90467
591000 500.254 7.25026 -4.9017
592000 498.959 7.2534 -4.897
593000 504.256 7.24806 -4.90606
594000 499.912 7.25275 -4.89859
595000 500.012 7.2514 -4.90102
596000 498.489 7.24996 -4.90239
597000 499.088 7.25308 -4.89889
598000 500.605 7.24908 -4.90494
599000 500.078 7.25325 -4.89738
600000 497.225 7.25083 -4.90225
601000 499.331 7.25019 -4.90231
602000 503.259 7.25034 -4.90056
603000 499.538 7.25152 -4.90012
604000 499.752 7.25253 -4.90018
605000 494.826 7.248 -4.90631
606000 501.674 7.25252 -4.89918
607000 499.843 7.24876 -4.90425
608000 501.553 7.25186 -4.89893
609000 499.259 7.25177 -4.90178
610000 500.151 7.24907 -4.90527
611000 501.811 7.25107 -4.89973
612000 500.012 7.25206 -4.89958
613000 501.048 7.24886 -4.90446
614000 499.542 7.25323 -4.89871
615000 498.138 7.24918 -4.90334
616000 498.894 7.25278 -4.89869
617000 501.913 7.24866 -4.9063
618000 498.35 7.24859 -4.90478
619000 501.256 7.2517 -4.90115
620000 500.299 7.24915 -4.90455
621000 498.296 7.25307 -4.89794
622000 503.489 7.2478 -4.90503
623000 498.619 7.25119 -4.90101
624000 497.729 7.25032 -4.90084
625000 500.442 7.25107 -4.90146
626000 498.155 7.24996 -4.90184
627000 501.124 7.25199 -4.9004
628000 499.212 7.25193 -4.89746
629000 499.492 7.24979 -4.90212
630000 499.9 7.25112 -4.90002
631000 497.048 7.25106 -4.90193
632000 497.212 7.25063 -4.9017
633000 499.857 7.25095 -4.90064
634000 500.102 7.25073 -4.90177
635000 497.913 7.25053 -4.90319
636000 503.654 7.24951 -4.90323
637000 499.797 7.24988 -4.90335
638000 500.59 7.25233 -4.89834
639000 497.269 7.24924 -4.9046
640000 503.046 7.25037 -4.89996
641000 500.231 7.25131 -4.90021
642000 499.346 7.2509 -4.9026
643000 500.693 7.24934 -4.90249
644000 496.912 7.2531 -4.89819
645000 502.419 7.25068 -4.90122
646000 500.397 7.25123 -4.89928
647000 499.744 7.2477 -4.90684
648000 500.199 7.2532 -4.89772
649000 501.337 7.24993 -4.90248
650000 500.714 7.25227 -4.89983
651000 497.095 7.25226 -4.89973
652000 497.138 7.24752 -4.90734
653000 501.566 7.25055 -4.90175
654000 502.11 7.25109 -4.89969
655000 497.731 7.24787 -4.90777
656000 499.727 7.25239 -4.89892
657000 503.158 7.25011 -4.90131
658000 500.649 7.25026 -4.90246
659000 503 7.25013 -4.90177
660000 497.657 7.25082 -4.90202
661000 501.689 7.25305 -4.89729
662000 499.649 7.24831 -4.90627
663000 499.1 7.25124 -4.90104
664000 499.897 7.25398 -4.89647
665000 501.494 7.24906 -4.90508
666000 501.469 7.24856 -4.90661
667000 499.818 7.25235 -4.89926
668000 498.83 7.25225 -4.89995
669000 500.817 7.24919 -4.90389
670000 497.398 7.25083 -4.9023
671000 499.845 7.25404 -4.89541
672000 496.722 7.25135 -4.90204
673000 499.17 7.24841 -4.90463
674000 495.862 7.25255 -4.90013
675000 502.531 7.25162 -4.90058
676000 500.639 7.24968 -4.90377
677000 498.377 7.24982 -4.90429
678000 500.456 7.25157 -4.89939
679000 498.892 7.25019 -4.90354
680000 500.244 7.25443 -4.89496
681000 501.121 7.24941 -4.90472
682000 499.436 7.2507 -4.9024
683000 502.595 7.25157 -4.9
684000 499.32 7.24874 -4.90477
685000 500.74 7.25351 -4.89757
686000 502.671 7.24774 -4.90653
687000 498.192 7.25064 -4.90163
688000 498.734 7.25017 -4.90045
689000 500.898 7.24902 -4.90374
690000 500.236 7.25275 -4.89919
691000 496.781 7.2492 -4.90464
692000 502.786 7.24952 -4.9032
693000 500.353 7.25577 -4.89354
694000 500.013 7.24923 -4.90383
695000 500.163 7.25026 -4.90272
696000 497.834 7.25128 -4.90188
697000 502.14 7.24928 -4.90385
698000 499.578 7.2526 -4.9001
699000 500.119 7.25351 -4.89728
700000 505.537 7.24966 -4.90273
701000 498.837 7.24878 -4.90488
702000 498.606 7.2503 -4.90248
703000 501.078 7.25156 -4.90189
704000 498.97 7.25025 -4.90231
705000 500.622 7.25004 -4.90226
706000 499.883 7.25043 -4.90157
707000 497.286 7.25358 -4.89911
708000 499.79 7.25182 -4.89959
709000 501.171 7.24859 -4.90402
710000 501.212 7.25388 -4.89698
711000 501.658 7.25041 -4.90209
712000 500.174 7.25122 -4.89955
713000 500.654 7.24917 -4.90384
714000 499.551 7.24927 -4.90342
715000 499.442 7.2509 -4.90113
716000 499.451 7.2511 -4.90205
717000 497.844 7.25004 -4.90204
718000 499.351 7.2479 -4.90518
719000 500.756 7.25269 -4.89826
720000 497.964 7.25108 -4.90464
721000 498.473 7.24894 -4.90461
722000 501.593 7.25062 -4.90272
723000 497.916 7.25103 -4.90324
724000 500.039 7.25165 -4.9005
725000 501.823 7.25196 -4.90048
726000 500.824 7.25232 -4.8985
727000 498.052 7.24869 -4.90623
728000 500.515 7.24894 -4.90603
729000 499.801 7.25428 -4.89779
730000 497.025 7.24944 -4.90456
731000 500.683 7.24975 -4.90511
732000 499.478 7.24999 -4.90377
733000 498.709 7.25187 -4.9009
734000 502.447 7.25056 -4.90202
735000 498.963 7.25301 -4.89814
736000 500.607 7.24858 -4.90553
737000 501.201 7.24977 -4.90393
738000 501.05 7.25204 -4.90177
739000 501.79 7.24806 -4.90624
740000 501.133 7.24975 -4.90408
741000 499.315 7.25385 -4.89651
742000 500.066 7.25027 -4.90016
743000 500.103 7.25262 -4.89926
744000 498.271 7.25051 -4.9033
745000 499.817 7.25159 -4.90048
746000 498.91 7.24932 -4.90523
747000 499.898 7.24989 -4.90304
748000 500.227 7.256 -4.89196
749000 500.139 7.24904 -4.90437
750000 499.492 7.24895 -4.90326
751000 499.455 7.25169 -4.90097
752000 499.819 7.25126 -4.90027
753000 498.879 7.2501 -4.90308
754000 499.826 7.25009 -4.90115
755000 499.652 7.25355 -4.8974
756000 500.174 7.24784 -4.90691
757000 502.786 7.2533 -4.89698
758000 498.822 7.25071 -4.90122
759000 499.765 7.24799 -4.90523
760000 497.467 7.25138 -4.90147
761000 500.418 7.25026 -4.9017
762000 496.685 7.25016 -4.90285
763000 502.672 7.25123 -4.90008
764000 499.912 7.25176 -4.89933
765000 501.484 7.24667 -4.90633
766000 501.115 7.25337 -4.89666
767000 498.739 7.25021 -4.90444
768000 500.221 7.25193 -4.89988
769000 499.668 7.252 -4.89903
770000 498.769 7.25133 -4.90179
771000 502.725 7.2518 -4.89902
772000 500.967 7.24765 -4.90822
773000 500.545 7.25343 -4.89736
774000 500.763 7.25156 -4.89967
775000 500.764 7.24776 -4.90541
776000 501.285 7.24948 -4.90398
777000 501.14 7.25289 -4.89755
778000 499.484 7.25058 -4.90376
779000 500.444 7.25249 -4.89826
780000 497.224 7.24748 -4.90791
781000 499.228 7.25144 -4.90038
782000 499.018 7.25171 -4.89918
783000 500.582 7.24923 -4.90469
784000 500.23 7.25168 -4.90024
785000 501.163 7.25083 -4.90122
786000 497.21 7.25042 -4.90243
787000 500.335 7.24909 -4.90395
788000 500.916 7.25254 -4.8985
789000 494.408 7.25201 -4.9
790000 501.077 7.25084 -4.90181
791000 501.032 7.25191 -4.90072
792000 496.824 7.25094 -4.90167
793000 499.33 7.24769 -4.90716
794000 498.434 7.25467 -4.896
795000 496.038 7.25216 -4.90053
796000 499.934 7.25118 -4.90237
797000 499.116 7.24994 -4.90263
798000 499.088 7.25408 -4.89743
799000 502.43 7.2497 -4.90351
800000 499.602 7.25142 -4.90094
801000 500.652 7.25045 -4.90258
802000 500.07 7.24618 -4.90863
803000 501.157 7.25325 -4.89731
804000 498.458 7.25066 -4.90176
805000 500.931 7.25162 -4.89785
806000 499.801 7.25118 -4.90212
807000 499.465 7.25085 -4.90157
808000 501.747 7.24831 -4.90573
809000 500.248 7.25422 -4.89706
810000 502.285 7.2501 -4.90176
811000 500.364 7.25148 -4.90173
812000 500.168 7.25354 -4.897
813000 497.78 7.25051 -4.90303
814000 500.646 7.24999 -4.90257
815000 499.344 7.25348 -4.89635
816000 497.205 7.25041 -4.90412
817000 499.398 7.24774 -4.90827
818000 501.305 7.25283 -4.89975
819000 502.379 7.24937 -4.90426
820000 502.27 7.2503 -4.9022
821000 500.276 7.25301 -4.89685
822000 498.974 7.24789 -4.90559
823000 502.892 7.25263 -4.89953
824000 501.903 7.25054 -4.90075
825000 500.422 7.25178 -4.90083
826000 500.838 7.25095 -4.89997
827000 502.328 7.25187 -4.90002
828000 498.889 7.24914 -4.9064
829000 498.916 7.25402 -4.89483
830000 502.618 7.25263 -4.89939
831000 502.1 7.24924 -4.90173
832000 499.651 7.25255 -4.89969
833000 500.107 7.24975 -4.904
834000 500.145 7.25131 -4.90089
835000 500.872 7.25423 -4.89592
836000 498.159 7.2479 -4.9066
837000 501.14 7.25146 -4.89877
838000 499.022 7.25273 -4.89857
839000 502.729 7.24979 -4.90287
840000 500.489 7.24921 -4.90551
841000 502.801 7.25446 -4.89716
842000 500.376 7.24799 -4.90558
843000 502.291 7.25239 -4.89881
844000 500.517 7.25187 -4.90054
845000 499.397 7.25072 -4.90094
846000 498.305 7.25067 -4.90342
847000 501.058 7.25015 -4.9024
848000 499.481 7.25513 -4.89529
849000 500.333 7.24948 -4.90212
850000 498.79 7.2503 -4.90216
851000 501.916 7.25011 -4.90236
852000 498.513 7.25387 -4.89662
853000 497.857 7.24896 -4.90537
854000 501.317 7.25208 -4.89999
855000 499.802 7.24815 -4.90513
856000 499.407 7.25347 -4.89752
857000 497.894 7.25392 -4.89665
858000 496.007 7.24869 -4.904
859000 498.445 7.25024 -4.90303
860000 502.024 7.24681 -4.90665
861000 500.994 7.25286 -4.89875
862000 503.103 7.24887 -4.90357
863000 498.21 7.25124 -4.90209
864000 503.581 7.24955 -4.90136
865000 501.256 7.25169 -4.90114
866000 500.644 7.25025 -4.90251
867000 500.632 7.25208 -4.9006
868000 503.806 7.24951 -4.90373
869000 501.101 7.25215 -4.90005
870000 503.308 7.24988 -4.90384
871000 501.108 7.24969 -4.90186
872000 500.964 7.25332 -4.89669
873000 499.78 7.24999 -4.9021
874000 499.649 7.24974 -4.90346
875000 498.954 7.25351 -4.89796
876000 502.957 7.24916 -4.90434
877000 495.604 7.24848 -4.90793
878000 499.006 7.2521 -4.90079
879000 500.853 7.24948 -4.90303
880000 499.732 7.25107 -4.89943
881000 499.079 7.25181 -4.89937
882000 502.409 7.24724 -4.90639
883000 498.981 7.25031 -4.90295
884000 499.953 7.25418 -4.89549
885000 499.692 7.24767 -4.90617
886000 496.506 7.25086 -4.90175
887000 500.858 7.25088 -4.90087
888000 500.665 7.24938 -4.90338
889000 499.885 7.25127 -4.90149
890000 501.883 7.25313 -4.89597
891000 499.603 7.24833 -4.9063
892000 499.869 7.25151 -4.90111
893000 503.917 7.25085 -4.89979
894000 499.746 7.25216 -4.90031
895000 501.683 7.24981 -4.90429
896000 501.21 7.25172 -4.90215
897000 502.988 7.25649 -4.89132
898000 500.996 7.2487 -4.90391
899000 498.286 7.25255 -4.89986
900000 502.41 7.24983 -4.90287
901000 501.284 7.25036 -4.90247
902000 499.369 7.25074 -4.90255
903000 501.576 7.25313 -4.89702
904000 498.763 7.25207 -4.89962
905000 500.635 7.25257 -4.89967
906000 499.231 7.24919 -4.90396
907000 499.326 7.25134 -4.90148
908000 497.827 7.25126 -4.90163
909000 499.356 7.25202 -4.89897
910000 501.928 7.2503 -4.90117
911000 501.203 7.24897 -4.90558
912000 501.396 7.25072 -4.90008
913000 499.725 7.25322 -4.89929
914000 497.677 7.24809 -4.90619
915000 502.288 7.24988 -4.90238
916000 499.342 7.25246 -4.8982
917000 501.412 7.25092 -4.90027
918000 496.847 7.25099 -4.90082
919000 498.981 7.24904 -4.90331
920000 498.865 7.25289 -4.89935
921000 500.749 7.24999 -4.90298
922000 498.18 7.25228 -4.90047
923000 501.343 7.24822 -4.90523
924000 502.75 7.25252 -4.89776
925000 498.336 7.25347 -4.89772
926000 499.249 7.25004 -4.90487
927000 502.996 7.25152 -4.90041
928000 501.064 7.24956 -4.90272
929000 500.206 7.25007 -4.90336
930000 500.935 7.24802 -4.90655
931000 497.445 7.25304 -4.89922
932000 499.318 7.2494 -4.9043
933000 499.312 7.25115 -4.90388
934000 502.707 7.25342 -4.89804
935000 499.179 7.24771 -4.90701
936000 500.146 7.25282 -4.89741
937000 502.678 7.25056 -4.90273
938000 499.514 7.24991 -4.90323
939000 499.553 7.25199 -4.90059
940000 497.999 7.24904 -4.90568
941000 502.28 7.2492 -4.90393
942000 500.884 7.25175 -4.89972
943000 496.211 7.25093 -4.90214
944000 498.386 7.25088 -4.9002
945000 499.312 7.2543 -4.89526
946000 500.108 7.24868 -4.90575
947000 500.974 7.25089 -4.90268
948000 499.163 7.25198 -4.90032
949000 498.021 7.24962 -4.90444
950000 504.057 7.25062 -4.90101
951000 499.993 7.25278 -4.89983
952000 498.957 7.24964 -4.90212
953000 498.781 7.24724 -4.90698
954000 500.153 7.25341 -4.89597
955000 499.738 7.25112 -4.90114
956000 500.187 7.25011 -4.9013
957000 501.668 7.24923 -4.90337
958000 499.383 7.25166 -4.90131
959000 497.865 7.25299 -4.89668
960000 502.739 7.24637 -4.90764
961000 499.711 7.25186 -4.90135
962000 503.125 7.25168 -4.89852
963000 498.704 7.24923 -4.90436
964000 500.12 7.25365 -4.89673
965000 498.994 7.25111 -4.90272
966000 502.042 7.24946 -4.9041
967000 498.569 7.25013 -4.90284
968000 499.295 7.25228 -4.89858
969000 500.762 7.24889 -4.90493
970000 501.631 7.25288 -4.8988
971000 496.823 7.25084 -4.90397
972000 498.365 7.25136 -4.89957
973000 498.824 7.25143 -4.90146
974000 500.881 7.25044 -4.90294
975000 499.893 7.24935 -4.90182
976000 498.889 7.2497 -4.90341
977000 499.831 7.25225 -4.89956
978000 498.901 7.25249 -4.89835
979000 497.871 7.24836 -4.905
980000 499.558 7.25366 -4.8983
981000 499.241 7.24857 -4.90502
982000 501.817 7.25074 -4.90272
983000 502.174 7.25207 -4.89915
984000 497.949 7.25077 -4.90217
985000 501.528 7.2484 -4.90482
986000 499.841 7.25185 -4.90047
987000 502.486 7.24961 -4.90306
988000 497.782 7.2508 -4.90092
989000 498.508 7.25101 -4.90282
990000 500.289 7.24872 -4.90391
991000 503.038 7.25194 -4.89828
992000 499.547 7.2507 -4.90067
993000 499.63 7.2507 -4.90199
994000 498.388 7.24987 -4.90405
995000 499.028 7.2539 -4.89597
996000 500.4 7.25036 -4.90245
997000 498.651 7.25171 -4.90104
998000 500.785 7.25054 -4.90182
999000 498.448 7.25096 -4.90324
1000000 499.459 7.25196 -4.89974
1001000 496 7.24687 -4.90826
1002000 502.263 7.2539 -4.89685
1003000 501.793 7.251 -4.90125
1004000 498.083 7.24901 -4.90465
1005000 502.954 7.25041 -4.90067
1006000 497.287 7.25094 -4.90103
1007000 500.543 7.25019 -4.9016
1008000 502.615 7.25141 -4.89887
1009000 499.409 7.24985 -4.90295
1010000 500.878 7.25016 -4.9022
1011000 498.897 7.25137 -4.90016
1012000 500.751 7.24901 -4.90624
1013000 499.443 7.25196 -4.9002
1014000 501.177 7.25268 -4.89941
1015000 500.312 7.25128 -4.89926
1016000 497.859 7.25098 -4.90121
1017000 501.557 7.24693 -4.90713
1018000 500.457 7.25279 -4.89887
1019000 502.087 7.25278 -4.89592
1020000 499.316 7.25094 -4.90048
1021000 499.068 7.24906 -4.90565
1022000 499.078 7.2527 -4.8999
1023000 499.789 7.25229 -4.90003
1024000 498.438 7.24891 -4.90322
1025000 499.423 7.25107 -4.90227
1026000 500.027 7.25048 -4.90249
1027000 502.113 7.25262 -4.89929
1028000 501.584 7.25155 -4.89907
1029000 498.994 7.25457 -4.89711
1030000 503.593 7.24908 -4.90183
1031000 500.295 7.25141 -4.90136
1032000 500.274 7.24879 -4.90497
1033000 501.297 7.25159 -4.89975
1034000 500.953 7.25069 -4.90027
1035000 498.328 7.24996 -4.90358
1036000 499.12 7.24982 -4.90249
1037000 498.472 7.25224 -4.90059
1038000 495.972 7.24917 -4.90452
1039000 502.719 7.24899 -4.90255
1040000 500.056 7.24982 -4.90331
1041000 503.748 7.24861 -4.90379
1042000 499.58 7.25324 -4.89741
1043000 500.09 7.24919 -4.90253
1044000 502.515 7.2488 -4.90336
1045000 499.889 7.25332 -4.8971
1046000 495.983 7.24842 -4.90547
1047000 497.983 7.25002 -4.90299
1048000 501.174 7.25087 -4.89897
1049000 499.934 7.25078 -4.90126
1050000 500.837 7.25131 -4.8994
1051000 500.078 7.25185 -4.89965
1052000 498.013 7.25031 -4.90031
1053000 499.869 7.2533 -4.89804
1054000 499.481 7.24874 -4.90446
1055000 502.075 7.24895 -4.90275
1056000 498.233 7.25071 -4.90152
1057000 499.958 7.24974 -4.90223
1058000 501.294 7.25152 -4.89911
1059000 497.404 7.2481 -4.90548
1060000 502.224 7.25316 -4.89711
1061000 500.197 7.25006 -4.90253
1062000 501.463 7.24868 -4.90395
1063000 500.108 7.25066 -4.9017
1064000 499.051 7.2529 -4.89722
1065000 500.118 7.24859 -4.90385
1066000 501.245 7.24937 -4.90351
1067000 500.788 7.25507 -4.89275
1068000 499.795 7.24935 -4.90287
1069000 497.336 7.24979 -4.90357
1070000 501.704 7.25259 -4.89758
1071000 499.654 7.25122 -4.90084
1072000 502.343 7.25052 -4.90162
1073000 500.986 7.24981 -4.90365
1074000 498.988 7.25363 -4.89777
1075000 502.771 7.24849 -4.90451
1076000 497.978 7.25059 -4.90166
1077000 502.24 7.24761 -4.90564
1078000 500.432 7.25244 -4.8986
1079000 497.244 7.25192 -4.90033
1080000 499.757 7.24993 -4.9028
1081000 502.965 7.25246 -4.89847
1082000 498.225 7.24956 -4.90416
1083000 503.23 7.2504 -4.90154
1084000 500.337 7.25199 -4.89988
1085000 500.228 7.25016 -4.90152
1086000 500.615 7.2538 -4.89636
1087000 498.961 7.25269 -4.89739
1088000 499.902 7.24879 -4.90541
1089000 499.741 7.25281 -4.89956
1090000 503.532 7.24844 -4.90549
1091000 498.718 7.24958 -4.90236
1092000 499.585 7.25305 -4.89695
1093000 499.872 7.25055 -4.90103
1094000 500.817 7.24909 -4.90258
1095000 501.073 7.2518 -4.90066
1096000 501.612 7.25136 -4.89952
1097000 500.535 7.24898 -4.9054
1098000 501.375 7.24984 -4.90197
1099000 498.501 7.25157 -4.90076
1100000 499.306 7.2474 -4.90509
1101000 502.245 7.25298 -4.89834
1102000 497.929 7.25337 -4.89804
1103000 503.884 7.25041 -4.90181
1104000 500.892 7.25099 -4.90113
1105000 499.028 7.25067 -4.90251
1106000 498.202 7.25116 -4.90117
1107000 499.366 7.24972 -4.90202
1108000 498.916 7.25133 -4.90007
1109000 499.916 7.25152 -4.90242
1110000 502.444 7.24808 -4.90616
1111000 498.43 7.25062 -4.90223
1112000 496.441 7.25348 -4.89821
1113000 500.514 7.24994 -4.90209
1114000 500.479 7.25378 -4.8954
1115000 498.271 7.25088 -4.90023
1116000 497.695 7.25202 -4.90089
1117000 501.133 7.25142 -4.90043
1118000 502.605 7.25338 -4.89804
1119000 500.103 7.24931 -4.90554
1120000 500.225 7.25145 -4.90076
1121000 501.223 7.25104 -4.90026
1122000 498.082 7.25064 -4.90236
1123000 499.735 7.24979 -4.90227
1124000 498.201 7.25215 -4.90082
1125000 500.802 7.24979 -4.90221
1126000 496.291 7.25204 -4.90158
1127000 499.621 7.25075 -4.90132
1128000 500.145 7.25141 -4.89999
1129000 498.855 7.249 -4.90658
1130000 499.411 7.25191 -4.90012
1131000 499.326 7.24889 -4.90469
1132000 500.337 7.25442 -4.89668
1133000 500.196 7.25176 -4.90032
1134000 496.773 7.25137 -4.90157
1135000 500.232 7.25326 -4.89718
1136000 501.188 7.24749 -4.90598
1137000 499.252 7.25035 -4.90073
1138000 498.832 7.25043 -4.90363
1139000 498.607 7.25095 -4.90101
1140000 498.766 7.24928 -4.90363
1141000 502.12 7.25025 -4.90347
1142000 500.134 7.25126 -4.90143
1143000 502.003 7.25412 -4.89535
1144000 501.537 7.24907 -4.90473
1145000 496.262 7.25183 -4.90162
1146000 500.06 7.25153 -4.90073
1147000 497.658 7.25034 -4.90275
1148000 499.095 7.25178 -4.89992
1149000 500.233 7.25053 -4.90203
1150000 500.013 7.25214 -4.89952
1151000 503.633 7.24778 -4.90431
1152000 497.529 7.25205 -4.90023
1153000 499.296 7.25148 -4.9016
1154000 501.742 7.25069 -4.90176
1155000 497.882 7.25094 -4.90405
1156000 499.07 7.25108 -4.90008
1157000 496.141 7.25152 -4.90154
1158000 500.986 7.25415 -4.89575
1159000 498.98 7.24963 -4.90216
1160000 497.815 7.2511 -4.90038
1161000 499.783 7.25208 -4.89858
1162000 500.272 7.25314 -4.89605
1163000 500.163 7.2477 -4.90686
1164000 499.204 7.24991 -4.90299
1165000 499.197 7.25254 -4.89855
1166000 501.108 7.25197 -4.89855
1167000 497.748 7.2507 -4.90303
1168000 499.817 7.24934 -4.90362
1169000 499.104 7.25084 -4.90293
1170000 500.622 7.25356 -4.89724
1171000 499.897 7.24959 -4.90445
1172000 498.478 7.25174 -4.90156
1173000 496.592 7.24944 -4.90568
1174000 499.867 7.25286 -4.89888
1175000 498.504 7.24882 -4.90479
1176000 499.728 7.25295 -4.89672
1177000 500.245 7.24855 -4.90589
1178000 498.476 7.24858 -4.90363
1179000 499.093 7.25252 -4.9002
1180000 500.567 7.24972 -4.90312
1181000 502.69 7.25176 -4.90114
1182000 499.575 7.2523 -4.90027
1183000 501.017 7.2516 -4.89873
1184000 500.622 7.25098 -4.90178
1185000 496.75 7.25126 -4.90112
1186000 501.803 7.24987 -4.90344
1187000 498.704 7.25245 -4.90054
1188000 501.662 7.25205 -4.90009
1189000 499.703 7.24923 -4.90302
1190000 498.79 7.25114 -4.90262
1191000 499.67 7.25131 -4.90012
1192000 500.783 7.24959 -4.90352
1193000 497.419 7.25605 -4.89544
1194000 497.064 7.24941 -4.90381
1195000 504.186 7.25083 -4.90165
1196000 500.227 7.25102 -4.90157
1197000 497.943 7.25135 -4.90199
1198000 500.562 7.24814 -4.90619
1199000 501.152 7.25434 -4.89625
1200000 501.227 7.25128 -4.90036
1201000 497.723 7.25132 -4.90059
1202000 498.653 7.25022 -4.90334
1203000 504.223 7.24878 -4.9051
1204000 496.921 7.25 -4.90414
1205000 503.394 7.24945 -4.90366
1206000 501.523 7.25476 -4.89476
1207000 501.437 7.25048 -4.90329
1208000 501.517 7.24917 -4.90296
1209000 499.631 7.25026 -4.90222
1210000 500.355 7.24938 -4.9057
1211000 500.515 7.25353 -4.89819
1212000 498.831 7.25085 -4.90166
1213000 498.424 7.25155 -4.90085
1214000 499.266 7.25259 -4.89996
1215000 502.57 7.25209 -4.89794
1216000 500.413 7.25087 -4.90275
1217000 497.22 7.25284 -4.8988
1218000 497.96 7.25273 -4.89862
1219000 497.746 7.25015 -4.90172
1220000 500.769 7.24904 -4.90594
1221000 501.374 7.25056 -4.90068
1222000 499.836 7.25073 -4.90124
1223000 498.989 7.25082 -4.90206
1224000 498.265 7.24977 -4.90227
1225000 500.306 7.25083 -4.90249
1226000 497.777 7.25197 -4.90152
1227000 497.602 7.24889 -4.90696
1228000 500.564 7.25267 -4.89849
1229000 500.359 7.24853 -4.90412
1230000 500.64 7.25007 -4.90191
1231000 500.865 7.25222 -4.89903
1232000 497.65 7.25083 -4.90077
1233000 498.5 7.25045 -4.90188
1234000 501.945 7.25002 -4.90242
1235000 497.2 7.25143 -4.9009
1236000 497.892 7.25255 -4.89787
1237000 503.575 7.24936 -4.90271
1238000 502.84 7.25039 -4.90163
1239000 499.486 7.24937 -4.90468
1240000 499.35 7.25128 -4.9008
1241000 499.872 7.25134 -4.89998
1242000 501.627 7.25032 -4.90116
1243000 499.908 7.24741 -4.90589
1244000 499.521 7.25044 -4.90342
1245000 501.289 7.248 -4.90396
1246000 499.065 7.25231 -4.89795
1247000 500.426 7.2504 -4.90144
1248000 497.419 7.24996 -4.90414
1249000 501.914 7.25299 -4.89672
1250000 499.397 7.24799 -4.90498
1251000 499.647 7.25113 -4.90304
1252000 498.441 7.24783 -4.9059
1253000 499.713 7.25244 -4.90036
1254000 498.524 7.24977 -4.90341
1255000 497.921 7.2526 -4.90001
1256000 499.946 7.25388 -4.89596
1257000 497.355 7.24902 -4.90501
1258000 499.689 7.24889 -4.90238
1259000 495.572 7.25166 -4.89995
1260000 499.321 7.24908 -4.90365
1261000 500.452 7.25286 -4.89954
1262000 499.216 7.25116 -4.90159
1263000 501.644 7.24901 -4.90416
1264000 502.388 7.25645 -4.89303
1265000 499.018 7.24963 -4.90325
1266000 503.656 7.24818 -4.90512
1267000 497.642 7.24914 -4.9045
1268000 501.204 7.25321 -4.89738
1269000 503.897 7.24951 -4.90205
1270000 500.656 7.24985 -4.90346
1271000 502.091 7.25082 -4.90166
1272000 498.317 7.24659 -4.90802
1273000 496.911 7.25194 -4.90205
1274000 500.186 7.25173 -4.8988
1275000 498.64 7.2523 -4.90021
1276000 500.965 7.24716 -4.90685
1277000 500.8 7.25387 -4.89718
1278000 499.92 7.24886 -4.90486
1279000 502.108 7.25185 -4.89954
1280000 499.321 7.24979 -4.90332
1281000 498.776 7.25034 -4.90116
1282000 498.021 7.25546 -4.89344
1283000 500.598 7.24757 -4.9073
1284000 499.318 7.24936 -4.90367
1285000 500.342 7.25157 -4.89941
1286000 499.955 7.25033 -4.90232
1287000 501.366 7.24891 -4.90465
1288000 498.461 7.25462 -4.89476
1289000 505.182 7.25265 -4.89653
1290000 500.949 7.24938 -4.90344
1291000 498.433 7.25072 -4.90112
1292000 499.812 7.25162 -4.90031
1293000 502.729 7.24999 -4.90225
1294000 500.822 7.25147 -4.89988
1295000 498.86 7.24771 -4.90564
1296000 500.464 7.25319 -4.89734
1297000 501.195 7.24915 -4.9029
1298000 500.614 7.25043 -4.90325
1299000 502.329 7.24842 -4.90419
1300000 499.207 7.25224 -4.89941
1301000 501.014 7.25254 -4.89727
1302000 497.839 7.24791 -4.9066
1303000 500.932 7.2502 -4.90258
1304000 500.474 7.24949 -4.90305
1305000 497.57 7.24887 -4.9047
1306000 500.802 7.25107 -4.90152
1307000 500.081 7.25319 -4.89663
1308000 500.068 7.24939 -4.90394
1309000 501.497 7.25239 -4.89798
1310000 499.994 7.24815 -4.9067
1311000 498.194 7.25119 -4.90045
1312000 499.256 7.25137 -4.90049
1313000 501.128 7.25014 -4.8997
1314000 498.656 7.25256 -4.90004
1315000 496.618 7.25004 -4.90279
1316000 498.682 7.2513 -4.90044
1317000 500.359 7.25035 -4.90206
1318000 500.067 7.25241 -4.89801
1319000 496.08 7.24959 -4.90357
1320000 499.256 7.25288 -4.89771
1321000 499.351 7.25359 -4.89607
1322000 498.909 7.24813 -4.90664
1323000 499.703 7.25045 -4.90133
1324000 500.298 7.2512 -4.89999
1325000 500.282 7.24966 -4.90181
1326000 500.198 7.24931 -4.90505
1327000 498.909 7.24973 -4.90209
1328000 499.273 7.24918 -4.90373
1329000 502.747 7.25377 -4.89653
1330000 500.601 7.2493 -4.90409
1331000 497.704 7.24933 -4.90471
1332000 503.239 7.25109 -4.90006
1333000 499.533 7.25229 -4.8989
1334000 497.717 7.24973 -4.90347
1335000 499.973 7.25254 -4.89852
1336000 501.001 7.25358 -4.89634
1337000 502.181 7.25064 -4.90095
1338000 501.356 7.25322 -4.89792
1339000 496.375 7.24977 -4.90431
1340000 501.864 7.25094 -4.90069
1341000 498.535 7.25254 -4.89986
1342000 499 7.25253 -4.89802
1343000 500.169 7.25078 -4.90193
1344000 498.275 7.24892 -4.90532
1345000 500.29 7.2518 -4.89832
1346000 500.592 7.25157 -4.9022
1347000 500.213 7.24935 -4.90469
1348000 501.716 7.25176 -4.90106
1349000 501.477 7.25122 -4.90123
1350000 496.838 7.24993 -4.90278
1351000 502.321 7.25324 -4.89713
1352000 502.731 7.25049 -4.90247
1353000 498.734 7.2499 -4.90317
1354000 499.774 7.24776 -4.90661
1355000 499.483 7.25391 -4.89706
1356000 497.892 7.25043 -4.90228
1357000 499.958 7.25069 -4.89967
1358000 500.413 7.25152 -4.89822
1359000 496.621 7.25199 -4.90049
1360000 500.205 7.24738 -4.90659
1361000 501.275 7.25236 -4.89994
1362000 502.089 7.2501 -4.90072
1363000 500.863 7.25427 -4.89618
1364000 501.467 7.24893 -4.90405
1365000 497.789 7.25166 -4.90031
1366000 500.974 7.25369 -4.8971
1367000 501.001 7.24835 -4.9055
1368000 499.63 7.24931 -4.90373
1369000 501.439 7.25383 -4.89623
1370000 496.505 7.25072 -4.90286
1371000 500.523 7.25111 -4.90101
1372000 499.748 7.24818 -4.90455
1373000 500.333 7.25129 -4.9011
1374000 504.086 7.25145 -4.89905
1375000 498.242 7.25141 -4.90048
1376000 500.165 7.24875 -4.9037
1377000 498.473 7.25153 -4.90204
1378000 501.923 7.25089 -4.90235
1379000 500.415 7.25038 -4.90038
1380000 499.827 7.25054 -4.90254
1381000 502.283 7.24959 -4.90394
1382000 500.989 7.25099 -4.90136
1383000 499.968 7.25096 -4.90067
1384000 502.816 7.25172 -4.90022
1385000 498.91 7.25052 -4.90201
1386000 498.289 7.24921 -4.90596
1387000 499.872 7.25048 -4.90249
1388000 502.368 7.24901 -4.90386
1389000 496.481 7.24897 -4.9038
1390000 499.852 7.25321 -4.89548
1391000 501.969 7.25 -4.90294
1392000 498.892 7.25315 -4.89883
1393000 502.368 7.24896 -4.904
1394000 499.001 7.24844 -4.90535
1395000 501.428 7.25357 -4.89579
1396000 501.144 7.25233 -4.89999
1397000 501.555 7.24657 -4.90859
1398000 498.695 7.25545 -4.89447
1399000 502.074 7.25059 -4.9008
1400000 499.649 7.24997 -4.90397
1401000 499.824 7.25259 -4.89803
1402000 503.852 7.25134 -4.8995
1403000 498.666 7.24566 -4.90902
1404000 498.435 7.25294 -4.90028
1405000 500.834 7.24931 -4.90371
1406000 497.81 7.25164 -4.90064
1407000 501.124 7.24935 -4.90387
1408000 500.1 7.25405 -4.8966
1409000 500.214 7.24999 -4.90399
1410000 502.807 7.24985 -4.90226
1411000 502.06 7.25113 -4.90215
1412000 501.544 7.24854 -4.90579
1413000 497.678 7.25343 -4.89756
1414000 503.291 7.24958 -4.90209
1415000 498.596 7.25076 -4.90264
1416000 500.408 7.25325 -4.89756
1417000 499.605 7.25224 -4.90094
1418000 500.201 7.24939 -4.90304
1419000 500.729 7.25224 -4.89974
1420000 498.565 7.24832 -4.905
1421000 497.074 7.25164 -4.90217
1422000 502.397 7.25206 -4.89922
1423000 502.158 7.2479 -4.9057
1424000 501.986 7.25051 -4.9023
1425000 501.718 7.25341 -4.89589
1426000 497.723 7.25274 -4.89823
1427000 498.847 7.2519 -4.90053
1428000 499.668 7.24947 -4.9043
1429000 501.09 7.24977 -4.90116
1430000 497.984 7.25189 -4.9022
1431000 500.883 7.25205 -4.89989
1432000 501.438 7.24856 -4.90572
1433000 502.286 7.25147 -4.90096
1434000 501.688 7.25086 -4.90131
1435000 498.884 7.24904 -4.90434
1436000 500.67 7.25185 -4.89885
1437000 498.793 7.25194 -4.89931
1438000 501.296 7.25089 -4.8988
1439000 498.43 7.24951 -4.90336
1440000 502.265 7.25323 -4.89694
1441000 501.232 7.25167 -4.90007
1442000 502.316 7.24878 -4.90431
1443000 501.293 7.24948 -4.90333
1444000 499.481 7.25216 -4.90006
1445000 498.977 7.25033 -4.90297
1446000 501.651 7.25121 -4.90042
1447000 500.502 7.25385 -4.89746
1448000 500.397 7.24698 -4.90826
1449000 498.195 7.24928 -4.90348
1450000 499.925 7.25096 -4.90121
1451000 498.272 7.25231 -4.89977
1452000 503.148 7.25131 -4.90046
1453000 499.422 7.24707 -4.90922
1454000 503.194 7.25204 -4.8999
1455000 499.957 7.25051 -4.90138
1456000 499.797 7.24774 -4.90621
1457000 501.813 7.25099 -4.89957
1458000 498.791 7.25115 -4.90305
1459000 503.457 7.25016 -4.90204
1460000 497.826 7.25129 -4.90109
1461000 498.442 7.25034 -4.90333
1462000 499.715 7.25319 -4.89829
1463000 501.018 7.25196 -4.90096
1464000 502.461 7.2495 -4.90368
1465000 497.584 7.25039 -4.90235
1466000 499.716 7.25052 -4.90215
1467000 500.64 7.25173 -4.8994
1468000 499.46 7.24937 -4.90372
1469000 498.935 7.2516 -4.90182
1470000 500.877 7.25126 -4.90144
1471000 499.401 7.25021 -4.90107
1472000 501.296 7.25295 -4.8983
1473000 499.479 7.25181 -4.89987
1474000 499.939 7.24739 -4.907
1475000 499.406 7.25044 -4.9017
1476000 498.901 7.25007 -4.9021
1477000 498.508 7.25093 -4.90136
1478000 498.145 7.25183 -4.89923
1479000 500.995 7.25053 -4.90264
1480000 497.01 7.25103 -4.90167
1481000 501.522 7.25101 -4.90024
1482000 498.183 7.25008 -4.90452
1483000 499.567 7.25182 -4.89928
1484000 498.328 7.24959 -4.90497
1485000 500.13 7.24932 -4.9028
1486000 503.616 7.25171 -4.89989
1487000 498.187 7.25007 -4.90132
1488000 497.778 7.24943 -4.90445
1489000 500.143 7.25056 -4.89926
1490000 501.602 7.25167 -4.89994
1491000 497.773 7.24757 -4.90702
1492000 500.066 7.25086 -4.90165
1493000 499.688 7.25189 -4.9
1494000 501.015 7.25009 -4.90312
1495000 500.789 7.25291 -4.89953
1496000 499.507 7.24978 -4.90348
1497000 498.541 7.25106 -4.90192
1498000 497.936 7.24983 -4.90346
1499000 500.397 7.25045 -4.90269
1500000 502.451 7.25335 -4.89609
1501000 500.211 7.24731 -4.90566
1502000 500.899 7.24964 -4.90247
1503000 500.138 7.24977 -4.90324
1504000 499.003 7.25086 -4.90114
1505000 499.134 7.25195 -4.90089
1506000 499.782 7.25024 -4.90108
1507000 499.158 7.25113 -4.90048
1508000 495.336 7.25001 -4.90423
1509000 499.464 7.2536 -4.89588
1510000 500.42 7.24824 -4.90635
1511000 500.43 7.25133 -4.9026
1512000 502.347 7.24988 -4.90248
1513000 499.768 7.2513 -4.90254
1514000 501.727 7.25157 -4.89939
1515000 499.244 7.24872 -4.90435
1516000 501.16 7.25356 -4.89691
1517000 498.63 7.25275 -4.89936
1518000 500.016 7.25014 -4.9019
1519000 499.218 7.25084 -4.90177
1520000 500.418 7.25233 -4.89912
1521000 499.793 7.24857 -4.90551
1522000 498.583 7.25053 -4.90241
1523000 500.611 7.24986 -4.90322
1524000 500.905 7.24825 -4.90461
1525000 498.986 7.2509 -4.90275
1526000 500.939 7.2503 -4.90267
1527000 502.249 7.25172 -4.89968
1528000 500.313 7.24832 -4.90744
1529000 502.928 7.25351 -4.89612
1530000 501.102 7.24991 -4.90301
1531000 497.889 7.25212 -4.90136
1532000 501.618 7.25035 -4.9028
1533000 499.133 7.25116 -4.89965
1534000 500.843 7.25225 -4.89931
1535000 499.346 7.245 -4.91013
1536000 500.335 7.24988 -4.90291
1537000 501.48 7.25013 -4.90115
1538000 501.614 7.25107 -4.90143
1539000 498.529 7.24966 -4.90405
1540000 501.035 7.25504 -4.89455
1541000 498.212 7.25131 -4.90144
1542000 497.488 7.25077 -4.90165
1543000 497.645 7.25385 -4.89832
1544000 500.416 7.24943 -4.90332
1545000 498.818 7.25402 -4.89739
1546000 502.832 7.24991 -4.9029
1547000 499.301 7.25116 -4.90305
1548000 502.171 7.24979 -4.90279
1549000 499.621 7.25001 -4.90362
1550000 501.329 7.25152 -4.89912
1551000 499.724 7.25238 -4.8987
1552000 502.439 7.25042 -4.9011
1553000 499.654 7.25149 -4.90016
1554000 498.428 7.24804 -4.90624
1555000 498.781 7.25198 -4.89894
1556000 501.134 7.251 -4.90082
1557000 499.132 7.25275 -4.89851
1558000 500.817 7.25127 -4.90006
1559000 501.676 7.24816 -4.90692
1560000 498.003 7.25 -4.9052
1561000 499.804 7.25046 -4.90108
1562000 500.188 7.25415 -4.89707
1563000 501.085 7.25058 -4.90088
1564000 498.283 7.24703 -4.9088
1565000 501.423 7.25134 -4.89991
1566000 503.359 7.25135 -4.90063
1567000 501.666 7.25009 -4.90356
1568000 501.594 7.25191 -4.89859
1569000 499.942 7.25307 -4.89821
1570000 501.364 7.25137 -4.8996
1571000 500.533 7.25327 -4.89757
1572000 499.596 7.24936 -4.90349
1573000 499.847 7.24961 -4.9038
1574000 500.707 7.25231 -4.89843
1575000 503.126 7.25352 -4.89635
1576000 498.983 7.25012 -4.90235
1577000 500.79 7.2488 -4.90427
1578000 501.306 7.2489 -4.90351
1579000 500.566 7.24913 -4.90481
1580000 499.821 7.25242 -4.89829
1581000 501.514 7.25054 -4.90185
1582000 499.535 7.25072 -4.90221
1583000 499.591 7.25097 -4.8996
1584000 496.816 7.25076 -4.90368
1585000 501.881 7.24997 -4.90166
1586000 499.824 7.24887 -4.90495
1587000 499.208 7.25331 -4.89859
1588000 499.163 7.25148 -4.89902
1589000 496.672 7.25189 -4.90001
1590000 500.446 7.24784 -4.90751
1591000 500.524 7.25194 -4.89785
1592000 500.001 7.24884 -4.904
1593000 497.096 7.25017 -4.90384
1594000 500.054 7.25279 -4.89823
1595000 498.529 7.24921 -4.9034
1596000 501.328 7.24955 -4.90426
1597000 500.052 7.25332 -4.89572
1598000 499.773 7.25198 -4.90014
1599000 498.084 7.24981 -4.90209
1600000 496.59 7.25354 -4.89848
1601000 499.25 7.25252 -4.8981
1602000 502.276 7.24734 -4.90626
1603000 497.83 7.25173 -4.89904
1604000 500.278 7.25031 -4.90252
1605000 499.95 7.25109 -4.90052
1606000 502.793 7.25272 -4.89769
1607000 500.679 7.24725 -4.9073
1608000 497.711 7.25112 -4.90026
1609000 498.395 7.25222 -4.9004
1610000 499.531 7.24832 -4.90553
1611000 500.738 7.25372 -4.89752
1612000 501.253 7.25013 -4.90385
1613000 501.446 7.25043 -4.90179
1614000 498.32 7.25207 -4.90002
1615000 498.7 7.24802 -4.90606
1616000 501.792 7.24926 -4.90313
1617000 499.525 7.2528 -4.89828
1618000 501.114 7.24916 -4.90477
1619000 497.563 7.25298 -4.89745
1620000 501.247 7.25157 -4.8999
1621000 499.152 7.25014 -4.90346
1622000 500.683 7.25073 -4.90171
1623000 501.01 7.25012 -4.90199
1624000 500.105 7.25306 -4.89725
1625000 500.765 7.25227 -4.89877
1626000 501.932 7.25001 -4.90362
1627000 501.257 7.25106 -4.90028
1628000 499.227 7.25396 -4.89629
1629000 499.616 7.25124 -4.90123
1630000 501.48 7.25065 -4.9011
1631000 499.582 7.25098 -4.90242
1632000 499.967 7.25102 -4.90111
1633000 497.302 7.25253 -4.89856
1634000 501.785 7.25094 -4.90013
1635000 498.488 7.25029 -4.90418
1636000 498.416 7.25254 -4.90074
1637000 497.591 7.25456 -4.89444
1638000 499.066 7.25053 -4.90235
1639000 499.823 7.24979 -4.90207
1640000 499.041 7.25299 -4.89926
1641000 498.826 7.25074 -4.90114
1642000 501.534 7.24937 -4.9035
1643000 500.267 7.25237 -4.89968
1644000 498.405 7.25038 -4.90068
1645000 500.05 7.25157 -4.9006
1646000 500.173 7.24814 -4.90445
1647000 501.601 7.24983 -4.90294
1648000 499.008 7.25097 -4.90121
1649000 501.139 7.25262 -4.90091
1650000 499.71 7.24895 -4.90377
1651000 501.693 7.25128 -4.89965
1652000 499.567 7.24965 -4.90523
1653000 498.361 7.25096 -4.9016
1654000 499.076 7.25091 -4.90153
1655000 501.329 7.25136 -4.90037
1656000 498.346 7.24899 -4.90474
1657000 501.729 7.25001 -4.90204
1658000 498.775 7.25113 -4.90142
1659000 500.804 7.25071 -4.90115
1660000 498.507 7.25265 -4.89762
1661000 498.836 7.25006 -4.90498
1662000 498.481 7.25017 -4.90289
1663000 499.04 7.25349 -4.89798
1664000 499.873 7.25128 -4.9005
1665000 499.162 7.25237 -4.89974
1666000 499.294 7.24857 -4.90655
1667000 497.304 7.25401 -4.89619
1668000 501.149 7.25183 -4.89958
1669000 500.178 7.24865 -4.90425
1670000 501.764 7.24969 -4.90194
1671000 499.878 7.2531 -4.89879
1672000 502.321 7.25154 -4.89928
1673000 501.592 7.25181 -4.90116
1674000 499.508 7.25331 -4.89848
1675000 501.689 7.24624 -4.90764
1676000 500.428 7.25165 -4.89966
1677000 500.988 7.25117 -4.90043
1678000 498.66 7.25017 -4.90301
1679000 499.062 7.2503 -4.90247
1680000 497.009 7.25269 -4.89706
1681000 498.486 7.24808 -4.90512
1682000 497.752 7.25211 -4.89932
1683000 500.794 7.24724 -4.90767
1684000 499.367 7.25018 -4.90272
1685000 496.15 7.25136 -4.90127
1686000 501.511 7.25171 -4.9002
1687000 501.478 7.24737 -4.9064
1688000 501.358 7.25338 -4.89824
1689000 502.483 7.25213 -4.89956
1690000 498.922 7.24792 -4.90639
1691000 502.093 7.25119 -4.89974
1692000 499.406 7.25076 -4.90216
1693000 500.305 7.24997 -4.90141
1694000 497.506 7.2536 -4.89702
1695000 501.542 7.25094 -4.9015
1696000 500.706 7.24855 -4.9072
1697000 499.088 7.25117 -4.89942
1698000 501.243 7.25141 -4.90079
1699000 499.04 7.25044 -4.90411
1700000 498.966 7.24805 -4.90563
1701000 500.514 7.25197 -4.90077
1702000 500.507 7.25185 -4.89943
1703000 498.466 7.24838 -4.90605
1704000 500.142 7.25367 -4.89778
1705000 502.118 7.24787 -4.90486
1706000 498.915 7.24873 -4.9067
1707000 500.786 7.25246 -4.89858
1708000 500.567 7.25049 -4.90249
1709000 501.828 7.25012 -4.90113
1710000 499.807 7.24769 -4.90749
1711000 500.095 7.25136 -4.90145
1712000 501.642 7.24957 -4.90189
1713000 499.983 7.25229 -4.9003
1714000 503.26 7.24765 -4.90656
1715000 498.101 7.24888 -4.9055
1716000 499.664 7.25168 -4.9015
1717000 499.444 7.25213 -4.89923
1718000 499.437 7.24973 -4.90434
1719000 499.686 7.24963 -4.90416
1720000 498.035 7.25302 -4.89889
1721000 501.022 7.25186 -4.89828
1722000 499.765 7.25095 -4.90166
1723000 499.126 7.24914 -4.90525
1724000 502.737 7.25068 -4.90163
1725000 501.06 7.25088 -4.9009
1726000 496.773 7.24986 -4.90418
1727000 500.062 7.25243 -4.89774
1728000 500.261 7.25474 -4.89612
1729000 501.026 7.24931 -4.90352
1730000 498.542 7.25013 -4.9031
1731000 500.352 7.25123 -4.90107
1732000 497.629 7.25363 -4.89729
1733000 500.503 7.25081 -4.90129
1734000 499.353 7.24975 -4.90431
1735000 498.447 7.25201 -4.89911
1736000 498.844 7.24782 -4.90789
1737000 501.792 7.25088 -4.90038
1738000 498.527 7.25269 -4.8983
1739000 501.574 7.24811 -4.90664
1740000 500.793 7.25201 -4.90084
1741000 499.622 7.2559 -4.89315
1742000 500.184 7.25221 -4.90063
1743000 501.138 7.25148 -4.90099
1744000 500.282 7.25195 -4.90006
1745000 500.903 7.2523 -4.89814
1746000 499.215 7.24876 -4.90582
1747000 500.697 7.2517 -4.89955
1748000 499.619 7.24947 -4.90394
1749000 501.963 7.2505 -4.90242
1750000 495.212 7.24566 -4.91043
1751000 502.154 7.25154 -4.89924
1752000 498.651 7.25207 -4.89981
1753000 499.092 7.24987 -4.90377
1754000 499.797 7.24931 -4.90463
1755000 503.133 7.25165 -4.89706
1756000 499.533 7.25143 -4.90082
1757000 500.436 7.25067 -4.90165
1758000 499.949 7.25399 -4.89714
1759000 501.034 7.25238 -4.89854
1760000 496.749 7.24948 -4.90386
1761000 499.928 7.25412 -4.89592
1762000 498.941 7.24946 -4.90454
1763000 500.387 7.25057 -4.90114
1764000 501.363 7.25165 -4.89909
1765000 501.103 7.24962 -4.90444
1766000 500.337 7.25253 -4.89996
1767000 501.628 7.25062 -4.90148
1768000 497.384 7.24913 -4.90538
1769000 499.653 7.25549 -4.8946
1770000 500.586 7.24962 -4.90357
1771000 501.31 7.25049 -4.90262
1772000 500.246 7.25327 -4.89781
1773000 499.769 7.24938 -4.90335
1774000 500.394 7.25505 -4.89713
1775000 498.156 7.25103 -4.90095
1776000 497.968 7.25107 -4.90185
1777000 497.493 7.24973 -4.90293
1778000 499.851 7.24844 -4.90683
1779000 500.569 7.2517 -4.89947
1780000 501.3 7.25242 -4.89941
1781000 502.291 7.24821 -4.90475
1782000 501.418 7.2519 -4.90059
1783000 498.165 7.25216 -4.89957
1784000 502.618 7.2501 -4.90249
1785000 500.872 7.25057 -4.90223
1786000 501.397 7.24961 -4.90383
1787000 497.882 7.25262 -4.89988
1788000 501.519 7.25223 -4.89958
1789000 499.753 7.24905 -4.90348
1790000 496.711 7.25077 -4.90324
1791000 500.395 7.25095 -4.90087
1792000 496.868 7.25195 -4.90023
1793000 500.068 7.24749 -4.90611
1794000 500.819 7.24899 -4.90364
1795000 499.68 7.25126 -4.90124
1796000 498.578 7.25373 -4.89735
1797000 499.192 7.24983 -4.90255
1798000 500.757 7.24893 -4.90324
1799000 500.017 7.25155 -4.90107
1800000 499.529 7.2522 -4.90065
1801000 498.622 7.25143 -4.90323
1802000 502.075 7.24904 -4.90347
1803000 501.96 7.24943 -4.90323
1804000 499.883 7.24745 -4.90767
1805000 502.753 7.24961 -4.90465
1806000 498.281 7.25102 -4.90141
1807000 499.881 7.24696 -4.90697
1808000 500.25 7.25264 -4.89834
1809000 502.91 7.25142 -4.89926
1810000 499.473 7.24895 -4.90438
1811000 500.279 7.25313 -4.89799
1812000 500.066 7.24818 -4.90512
1813000 500.172 7.25131 -4.90062
1814000 501.574 7.25202 -4.89931
1815000 497.244 7.24893 -4.90585
1816000 499.951 7.25275 -4.89801
1817000 500.123 7.25311 -4.89933
1818000 503.007 7.24972 -4.90233
1819000 498.82 7.2485 -4.9049
1820000 500.276 7.25157 -4.90038
1821000 500.589 7.25009 -4.90235
1822000 497.466 7.24769 -4.90739
1823000 500.167 7.25114 -4.90069
1824000 502.753 7.25025 -4.90078
1825000 495.362 7.25047 -4.90199
1826000 502.176 7.25536 -4.89298
1827000 499.598 7.24744 -4.90751
1828000 501.089 7.25126 -4.90094
1829000 500.121 7.25267 -4.89777
1830000 500.968 7.24738 -4.9081
1831000 502.219 7.24997 -4.90254
1832000 499.552 7.25019 -4.90299
1833000 500.61 7.25155 -4.9014
1834000 504.422 7.25211 -4.89855
1835000 499.363 7.24921 -4.90379
1836000 503.538 7.24919 -4.90143
1837000 501.547 7.25399 -4.8969
1838000 499.315 7.2512 -4.90072
1839000 500.168 7.25044 -4.90207
1840000 500.322 7.25262 -4.89916
1841000 500.508 7.25205 -4.899
1842000 500.141 7.24983 -4.90255
1843000 499.124 7.25103 -4.90248
1844000 499.721 7.24971 -4.90327
1845000 498.658 7.25351 -4.89802
1846000 499.819 7.24876 -4.90508
1847000 500.418 7.24955 -4.90507
1848000 501.802 7.25249 -4.89962
1849000 502.409 7.24875 -4.90294
1850000 496.919 7.25358 -4.89811
1851000 498.296 7.24675 -4.91029
1852000 500.614 7.25055 -4.90214
1853000 498.779 7.252 -4.90023
1854000 500.527 7.24991 -4.90355
1855000 499.97 7.24969 -4.90281
1856000 499.805 7.25039 -4.90398
1857000 499.276 7.25295 -4.89735
1858000 501.398 7.24908 -4.90416
1859000 499.619 7.25142 -4.90062
1860000 498.257 7.25072 -4.90309
1861000 498.927 7.24984 -4.90122
1862000 498.591 7.25065 -4.90187
1863000 501.741 7.25139 -4.90038
1864000 497.917 7.25288 -4.89801
1865000 500.917 7.24711 -4.9078
1866000 500.229 7.25087 -4.90296
1867000 498.235 7.25062 -4.90241
1868000 502.393 7.25146 -4.89892
1869000 499.524 7.24717 -4.90745
1870000 499.016 7.25139 -4.89976
1871000 498.499 7.25165 -4.90114
1872000 499.867 7.25066 -4.90093
1873000 499.715 7.25183 -4.89981
1874000 501.933 7.24919 -4.90543
1875000 499.533 7.25075 -4.90258
1876000 502.74 7.25452 -4.89583
1877000 501.484 7.24779 -4.90738
1878000 498.901 7.25155 -4.90023
1879000 499.676 7.25063 -4.90244
1880000 498.56 7.25168 -4.90035
1881000 498.56 7.2511 -4.89988
1882000 500.124 7.25274 -4.89962
1883000 499.361 7.24998 -4.90383
1884000 499.789 7.25167 -4.90129
1885000 499.807 7.25188 -4.9007
1886000 499.352 7.24916 -4.9038
1887000 499.148 7.25078 -4.90262
1888000 499.482 7.25313 -4.89823
1889000 497.993 7.25096 -4.90058
1890000 498.755 7.25137 -4.90198
1891000 500.831 7.25229 -4.8993
1892000 497.553 7.24865 -4.90641
1893000 500.551 7.25189 -4.89962
1894000 501.452 7.25397 -4.89739
1895000 499.012 7.24944 -4.90437
1896000 498.27 7.25042 -4.90125
1897000 499.644 7.2539 -4.89734
1898000 500.735 7.24968 -4.90282
1899000 498.53 7.24976 -4.90293
1900000 499.422 7.25303 -4.89845
1901000 500.495 7.24904 -4.90232
1902000 497.803 7.25002 -4.9029
1903000 498.428 7.2499 -4.90487
1904000 499.487 7.25099 -4.89993
1905000 501.358 7.2534 -4.89821
1906000 501.451 7.25105 -4.90112
1907000 498.165 7.25042 -4.90179
1908000 502.445 7.25116 -4.90048
1909000 497.75 7.24992 -4.90445
1910000 500.334 7.24923 -4.90433
1911000 501.097 7.2535 -4.89718
1912000 498.376 7.25022 -4.90358
1913000 494.557 7.24849 -4.9051
1914000 502.143 7.25243 -4.9
1915000 498.198 7.24913 -4.90356
1916000 499.28 7.25333 -4.89686
1917000 499.666 7.24841 -4.90468
1918000 501.635 7.24795 -4.90689
1919000 503.347 7.25198 -4.89817
1920000 499.94 7.24917 -4.90308
1921000 499.084 7.25269 -4.89926
1922000 501.623 7.25124 -4.90062
1923000 499.316 7.25084 -4.90158
1924000 500.047 7.25195 -4.90016
1925000 500.409 7.25251 -4.89762
1926000 499.505 7.24958 -4.90398
1927000 501.118 7.24989 -4.90151
1928000 499.838 7.25065 -4.9018
1929000 501.063 7.25303 -4.89764
1930000 500.727 7.24917 -4.90467
1931000 497.492 7.25158 -4.90013
1932000 500.122 7.25009 -4.90158
1933000 499.511 7.24849 -4.90477
1934000 502.336 7.25108 -4.90094
1935000 497.406 7.25263 -4.89828
1936000 501.224 7.24965 -4.90223
1937000 498.336 7.25142 -4.90083
1938000 501.704 7.25472 -4.89413
1939000 498.892 7.24959 -4.90348
1940000 500.997 7.25062 -4.90224
1941000 500.218 7.25152 -4.90128
1942000 499.83 7.24842 -4.90498
1943000 501.53 7.25351 -4.8968
1944000 500.992 7.25248 -4.89801
1945000 500.899 7.24706 -4.90729
1946000 498.86 7.25091 -4.90179
1947000 502.537 7.25236 -4.89736
1948000 498.918 7.24868 -4.90647
1949000 497.931 7.25025 -4.90375
1950000 500.478 7.2503 -4.90165
1951000 501.172 7.25047 -4.90254
1952000 502.828 7.24999 -4.90137
1953000 498.663 7.24787 -4.90692
1954000 500.125 7.2507 -4.90201
1955000 502.065 7.25025 -4.90075
1956000 498.843 7.25157 -4.90098
1957000 499.654 7.25181 -4.89978
1958000 501.76 7.25158 -4.90185
1959000 499.227 7.24649 -4.90804
1960000 501.12 7.25322 -4.89828
1961000 497.151 7.2484 -4.90539
1962000 500.281 7.25018 -4.90319
1963000 501.154 7.25013 -4.90091
1964000 499.129 7.25308 -4.8972
1965000 496.943 7.25241 -4.89981
1966000 499.604 7.24691 -4.90834
1967000 500.252 7.25091 -4.90228
1968000 499.95 7.25353 -4.89772
1969000 501.259 7.25021 -4.90151
1970000 500.227 7.24997 -4.90204
1971000 501.186 7.25166 -4.89947
1972000 500.463 7.24983 -4.90409
1973000 501.054 7.24963 -4.90215
1974000 497.55 7.25008 -4.90515
1975000 499.929 7.2521 -4.89855
1976000 499.446 7.2508 -4.90015
1977000 498.487 7.25103 -4.9019
1978000 498.861 7.25057 -4.90424
1979000 498.87 7.24942 -4.90412
1980000 502.046 7.25288 -4.89717
1981000 496.192 7.24899 -4.905
1982000 503.975 7.25206 -4.89808
1983000 498.57 7.25214 -4.89979
1984000 501.318 7.25003 -4.90203
1985000 499.373 7.25019 -4.90323
1986000 499.144 7.24917 -4.9036
1987000 497.934 7.2515 -4.89985
1988000 499.81 7.25343 -4.89744
1989000 500.542 7.24966 -4.9033
1990000 501.404 7.24817 -4.90491
1991000 500.552 7.25387 -4.89664
1992000 498.073 7.25163 -4.9014
1993000 500.325 7.25051 -4.90205
1994000 500.375 7.2511 -4.90002
1995000 499.15 7.24631 -4.90911
1996000 501.607 7.25285 -4.89796
1997000 501.156 7.24957 -4.90427
1998000 498.263 7.2512 -4.90128
1999000 504.124 7.2501 -4.90009
2000000 500.196 7.25173 -4.90066
2001000 502.208 7.25197 -4.89882
2002000 497.914 7.24933 -4.90273
2003000 495.292 7.25198 -4.89926
2004000 502.137 7.2534 -4.89645
2005000 501.93 7.24922 -4.90348
2006000 498.687 7.25075 -4.90235
2007000 502.144 7.25281 -4.89777
2008000 498.676 7.24869 -4.90481
2009000 499.072 7.24929 -4.90376
2010000 500.742 7.25171 -4.90047
2011000 500.974 7.25014 -4.90266
2012000 501.507 7.24939 -4.90261
2013000 497.143 7.25287 -4.89782
2014000 500.798 7.25323 -4.89777
2015000 503.295 7.24735 -4.90562
2016000 501.123 7.25263 -4.89729
2017000 500.549 7.25278 -4.8993
2018000 500.655 7.24798 -4.90405
2019000 499.449 7.25197 -4.89906
2020000 502.432 7.25156 -4.89925
2021000 489.354 7.25527 -4.90063
2022000 481.585 7.2534 -4.9094
2023000 470.866 7.25541 -4.91195
2024000 462.083 7.26254 -4.908
2025000 450.789 7.26069 -4.91727
2026000 440.751 7.26397 -4.91864
2027000 433.089 7.26689 -4.92061
2028000 420.701 7.2687 -4.92392
2029000 412.95 7.27274 -4.92482
2030000 401.32 7.27391 -4.92807
2031000 390.473 7.27844 -4.92674
2032000 379.461 7.276 -4.93704
2033000 369.434 7.28139 -4.93508
2034000 362.627 7.2839 -4.93794
2035000 350.541 7.28486 -4.94252
2036000 341.688 7.28999 -4.94086
2037000 330.231 7.29284 -4.94263
2038000 320.792 7.29169 -4.95155
2039000 309.847 7.29541 -4.95167
2040000 301.469 7.29619 -4.95713
