# Time-averaged data for fix OUT
# TimeStep v_vT v_rho v_ent
0 298.561 7.29651 -4.95616
1000 309.38 7.29462 -4.95354
2000 319.312 7.29496 -4.94583
3000 328.712 7.29111 -4.94541
4000 339.043 7.28622 -4.94701
5000 348.91 7.28357 -4.94553
6000 359.477 7.28121 -4.94404
7000 368.905 7.27918 -4.94022
8000 378.107 7.27718 -4.93705
9000 389.017 7.2769 -4.93129
10000 399.147 7.27496 -4.92726
11000 410.367 7.27212 -4.92557
12000 419.459 7.27071 -4.92228
13000 427.688 7.27117 -4.91449
14000 439.171 7.26432 -4.9187
15000 450.269 7.26429 -4.91319
16000 458.662 7.25972 -4.91356
17000 468.931 7.25895 -4.90817
18000 479.724 7.25913 -4.90083
19000 489.913 7.2548 -4.90215
20000 499.408 7.25221 -4.9004
21000 510.191 7.24696 -4.90094
22000 518.07 7.24805 -4.89272
23000 529.625 7.24617 -4.88931
24000 537.421 7.24384 -4.88666
25000 549.322 7.23856 -4.88982
26000 558.945 7.2342 -4.8901
27000 569.157 7.23216 -4.88783
28000 576.913 7.23134 -4.88095
29000 589.084 7.22767 -4.88099
30000 598.917 7.22654 -4.87518
31000 607.816 7.22548 -4.87091
32000 618.316 7.22168 -4.87077
33000 626.126 7.21884 -4.86831
34000 640.203 7.21408 -4.8699
35000 650.221 7.21362 -4.864
36000 663.075 7.20754 -4.86736
37000 673.931 7.20881 -4.8587
38000 681.026 7.20445 -4.85883
39000 688.165 7.20485 -4.85305
40000 705.909 7.20086 -4.84961
41000 698.805 7.20312 -4.84697
42000 704.075 7.19643 -4.85738
43000 701.434 7.1993 -4.85248
44000 696.45 7.20043 -4.85406
45000 700.133 7.19992 -4.85207
46000 702.7 7.20116 -4.84859
47000 696.937 7.20055 -4.85143
48000 698.791 7.20424 -4.8457
49000 700.613 7.20459 -4.84307
50000 698.886 7.20269 -4.84746
51000 700.132 7.20097 -4.84972
52000 700.378 7.20219 -4.84913
53000 699.132 7.20597 -4.84322
54000 702.725 7.2026 -4.84475
55000 699.5 7.20427 -4.84287
56000 699.765 7.20593 -4.84137
57000 699.139 7.20358 -4.84341
58000 696.45 7.20214 -4.8494
59000 702.061 7.20245 -4.84838
60000 698.694 7.20336 -4.84753
61000 700.336 7.20027 -4.84984
62000 697.28 7.2033 -4.84635
63000 700.793 7.20411 -4.84508
64000 700.2 7.20262 -4.8459
65000 701.038 7.2061 -4.84062
66000 696.899 7.20489 -4.84376
67000 698.07 7.20618 -4.84051
68000 703.429 7.20544 -4.8422
69000 696.435 7.20317 -4.84711
70000 701.128 7.20236 -4.84847
71000 701.525 7.20153 -4.84917
72000 698.33 7.20088 -4.85079
73000 702.685 7.20227 -4.84841
74000 699.544 7.20356 -4.84587
75000 701.514 7.20488 -4.84327
76000 702.788 7.20076 -4.85084
77000 697.813 7.20277 -4.84804
78000 701.41 7.20272 -4.84929
79000 699.652 7.19835 -4.85345
80000 695.047 7.20174 -4.85036
81000 702.017 7.20299 -4.84713
82000 700.157 7.20134 -4.84886
83000 698.492 7.20357 -4.8459
84000 703.112 7.20407 -4.84436
85000 700.846 7.20358 -4.84627
86000 699.169 7.20004 -4.85558
87000 696.908 7.19861 -4.85422
88000 699.837 7.20254 -4.84866
89000 699.465 7.2035 -4.8473
90000 699.833 7.20167 -4.84826
91000 697.315 7.20128 -4.85346
92000 697.701 7.19842 -4.85431
93000 698.997 7.20331 -4.84626
94000 697.161 7.20204 -4.84723
95000 704.228 7.20317 -4.8457
96000 701.008 7.20546 -4.84166
97000 697.239 7.20732 -4.8417
98000 700.585 7.20348 -4.84683
99000 702.943 7.20318 -4.84662
100000 702.192 7.20177 -4.85019
101000 698.785 7.20197 -4.85045
102000 704.828 7.20082 -4.84834
103000 698.901 7.20185 -4.85067
104000 700.818 7.20183 -4.84788
105000 701.333 7.20205 -4.85023
106000 701.583 7.20038 -4.85127
107000 698.376 7.20242 -4.84728
108000 704.49 7.20168 -4.84865
109000 696.768 7.20303 -4.84677
110000 700.527 7.20401 -4.84402
111000 700.936 7.20145 -4.85023
112000 701.313 7.20259 -4.84662
113000 698.783 7.202 -4.84919
114000 699.471 7.20093 -4.85011
115000 699.065 7.20121 -4.84976
116000 704.329 7.20245 -4.84851
117000 700.656 7.20178 -4.84829
118000 700.755 7.20474 -4.84541
119000 702.982 7.20177 -4.84776
120000 698.793 7.2017 -4.84912
121000 700.863 7.19964 -4.85099
122000 698.649 7.2019 -4.85148
123000 699.228 7.20088 -4.85111
124000 700.562 7.20125 -4.84867
125000 698.472 7.20158 -4.84975
126000 702.666 7.20094 -4.85032
127000 698.225 7.20445 -4.84455
128000 701.491 7.20469 -4.84296
129000 700.72 7.20602 -4.84248
130000 701.228 7.20242 -4.84781
131000 698.786 7.20079 -4.8493
132000 702.409 7.2014 -4.84744
133000 697.792 7.20193 -4.8489
134000 703.526 7.20136 -4.8495
135000 698.307 7.19835 -4.85445
136000 697.271 7.19951 -4.85422
137000 698.861 7.20108 -4.84975
138000 697.924 7.20187 -4.84865
139000 700.042 7.20388 -4.84515
140000 701.506 7.20391 -4.84571
141000 697.848 7.20539 -4.84257
142000 701.059 7.20542 -4.84131
143000 701.055 7.20353 -4.84827
144000 699.03 7.20527 -4.84385
145000 700.443 7.20826 -4.83767
146000 700.898 7.20672 -4.84074
147000 701.51 7.20626 -4.84235
148000 705.253 7.20196 -4.84613
149000 701.378 7.20238 -4.84737
150000 701.636 7.20035 -4.8497
151000 698.019 7.20003 -4.85176
152000 699.014 7.20006 -4.85121
153000 698.343 7.20067 -4.85209
154000 703.928 7.20035 -4.85102
155000 699.44 7.2029 -4.84692
156000 700.826 7.20541 -4.84532
157000 697.519 7.20567 -4.84333
158000 701.911 7.20205 -4.84855
159000 698.142 7.20158 -4.84798
160000 695.868 7.19896 -4.85562
161000 700.788 7.19938 -4.85278
162000 701.263 7.2026 -4.84602
163000 702.294 7.20274 -4.84849
164000 698.145 7.20585 -4.84139
165000 701.584 7.20562 -4.8423
166000 701.084 7.20096 -4.84919
167000 697.633 7.1988 -4.85358
168000 700.79 7.20255 -4.84663
169000 697.534 7.20391 -4.8464
170000 701.975 7.20312 -4.84411
171000 700.288 7.20854 -4.83851
172000 702.652 7.20503 -4.84248
173000 698.223 7.20396 -4.84597
174000 702.022 7.20493 -4.84264
175000 700.154 7.20543 -4.84233
176000 701.791 7.20639 -4.8403
177000 698.07 7.20528 -4.84457
178000 700.133 7.20337 -4.84657
179000 702.64 7.20022 -4.85205
180000 699.941 7.20236 -4.84738
181000 696.488 7.20127 -4.85314
182000 700.363 7.19889 -4.85482
183000 694.989 7.20023 -4.85201
184000 699.017 7.20344 -4.84762
185000 700.696 7.20263 -4.84532
186000 697.043 7.20353 -4.84828
187000 699.887 7.2015 -4.84815
188000 696.963 7.20565 -4.84603
189000 698.525 7.20569 -4.84415
190000 700.204 7.20515 -4.84152
191000 699.759 7.20744 -4.84107
192000 699.641 7.20447 -4.84156
193000 703.345 7.20283 -4.84697
194000 698.509 7.20301 -4.84651
195000 695.573 7.20486 -4.84431
196000 705.031 7.20863 -4.83706
197000 698.296 7.20441 -4.8468
198000 703.489 7.20395 -4.84564
199000 699.526 7.20652 -4.84154
200000 704.664 7.20588 -4.84217
201000 699.995 7.20292 -4.84602
202000 700.405 7.20231 -4.85057
203000 701.512 7.20333 -4.8464
204000 702.625 7.19954 -4.85245
205000 699.124 7.20183 -4.85163
206000 699.896 7.20241 -4.84791
207000 701.098 7.20254 -4.84674
208000 698.007 7.20363 -4.84832
209000 701.407 7.20587 -4.84185
210000 703.632 7.2035 -4.84458
211000 700.615 7.20242 -4.84952
212000 699.559 7.20133 -4.84821
213000 699.433 7.20257 -4.84919
214000 699.593 7.20335 -4.84884
215000 701.279 7.20517 -4.84551
216000 701.847 7.20318 -4.84894
217000 700.986 7.20272 -4.84587
218000 697.66 7.20457 -4.84598
219000 702.747 7.2048 -4.84615
220000 701.312 7.2034 -4.84559
221000 699.659 7.20362 -4.84559
222000 697.868 7.20492 -4.84511
223000 701.868 7.20464 -4.84565
224000 703.865 7.20504 -4.84211
225000 700.451 7.20478 -4.84526
226000 703.599 7.20274 -4.84654
227000 701.111 7.20282 -4.84865
228000 699.716 7.2006 -4.85084
229000 697.695 7.20218 -4.84862
230000 699.951 7.20054 -4.8518
231000 696.6 7.20567 -4.84683
232000 700.793 7.20234 -4.84726
233000 697.256 7.20809 -4.83933
234000 699.381 7.20627 -4.84088
235000 700.708 7.20687 -4.83878
236000 699.84 7.20522 -4.84588
237000 701.197 7.20433 -4.84516
238000 699.39 7.20545 -4.84469
239000 707.1 7.20448 -4.84562
240000 700.808 7.20094 -4.8522
241000 702.485 7.20189 -4.84923
242000 701.398 7.20434 -4.84394
243000 700.125 7.20285 -4.84725
244000 694.554 7.20287 -4.84849
245000 698.353 7.19975 -4.85157
246000 700.855 7.20293 -4.8467
247000 700.115 7.20554 -4.8423
248000 699.513 7.20402 -4.84444
249000 700.371 7.20546 -4.84287
250000 698.516 7.20351 -4.84679
251000 702.329 7.2025 -4.8463
252000 697.514 7.20227 -4.84865
253000 700.573 7.20276 -4.84753
254000 697.039 7.2025 -4.84885
255000 699.864 7.20116 -4.84877
256000 695.708 7.20162 -4.84958
257000 703.839 7.20504 -4.84401
258000 699.579 7.20752 -4.84075
259000 697.753 7.20152 -4.84677
260000 698.21 7.20314 -4.84751
261000 701.611 7.20471 -4.84481
262000 701.847 7.2055 -4.84271
263000 704.809 7.20322 -4.84368
264000 692.997 7.20478 -4.84792
265000 701.459 7.20077 -4.84939
266000 694.585 7.20267 -4.84936
267000 703.216 7.20081 -4.84899
268000 696.636 7.20243 -4.85152
269000 698.331 7.20336 -4.8486
270000 698.718 7.20516 -4.84442
271000 699.14 7.20548 -4.84482
272000 699.726 7.20382 -4.84627
273000 695.356 7.20468 -4.84412
274000 697.513 7.20328 -4.84924
275000 704.418 7.20219 -4.84897
276000 702.014 7.20325 -4.84564
277000 704.519 7.20397 -4.84668
278000 699.419 7.20411 -4.8462
279000 701.122 7.20479 -4.84581
280000 700.688 7.2034 -4.84673
281000 699.703 7.20335 -4.84672
282000 698.874 7.2013 -4.85099
283000 697.421 7.2039 -4.84849
284000 699.485 7.20461 -4.84448
285000 697.375 7.20477 -4.84683
286000 699.698 7.20287 -4.84658
287000 697.981 7.20152 -4.84942
288000 700.381 7.2022 -4.8491
289000 699.808 7.19977 -4.85284
290000 697.781 7.20069 -4.85248
291000 698.604 7.20232 -4.85133
292000 702.786 7.20101 -4.85112
293000 697.211 7.20268 -4.84812
294000 699.992 7.19938 -4.85185
295000 698.487 7.20153 -4.8513
296000 701.189 7.20191 -4.84973
297000 693.387 7.20327 -4.84919
298000 698.027 7.2049 -4.84505
299000 698.521 7.20493 -4.84306
300000 699.57 7.20376 -4.84524
301000 701.305 7.20471 -4.84354
302000 696.859 7.20548 -4.84268
303000 702.377 7.20169 -4.84847
304000 701.404 7.20138 -4.8489
305000 695.436 7.20126 -4.85193
306000 696.427 7.20117 -4.85024
307000 704.925 7.20188 -4.84761
308000 701.044 7.2051 -4.84384
309000 702.206 7.20525 -4.8404
310000 699.364 7.20358 -4.84676
311000 702.915 7.20379 -4.84641
312000 700.329 7.20314 -4.84694
313000 702.106 7.20015 -4.85231
314000 701.618 7.20107 -4.85041
315000 700.544 7.20302 -4.8471
316000 702.966 7.20371 -4.84338
317000 699.674 7.20697 -4.8423
318000 698.577 7.20552 -4.84276
319000 701.045 7.20188 -4.84987
320000 701.986 7.20159 -4.84958
321000 697.718 7.20343 -4.84827
322000 699.819 7.20157 -4.85005
323000 696.208 7.19777 -4.85654
324000 701.091 7.20316 -4.84907
325000 697.149 7.20295 -4.84791
326000 698.694 7.20058 -4.85063
327000 700.58 7.1995 -4.85158
328000 701.747 7.20023 -4.85135
329000 696.304 7.20387 -4.84957
330000 699.97 7.20514 -4.84444
331000 704.576 7.20513 -4.84254
332000 702.925 7.20603 -4.8409
333000 704.736 7.20642 -4.84176
334000 701.316 7.20638 -4.84223
335000 699.769 7.20319 -4.84759
336000 699.198 7.20042 -4.85413
337000 703.621 7.20025 -4.84914
338000 701.898 7.20177 -4.84985
339000 701.521 7.20233 -4.8475
340000 699.758 7.20445 -4.84617
341000 695.385 7.2039 -4.84724
342000 703.765 7.20595 -4.84176
343000 698.05 7.20648 -4.84228
344000 698.181 7.20653 -4.84265
345000 699.739 7.20403 -4.8447
346000 698.683 7.20234 -4.84803
347000 699.196 7.20296 -4.84917
348000 698.919 7.1982 -4.85669
349000 700.418 7.19961 -4.85412
350000 697.155 7.20029 -4.85252
351000 703.553 7.20212 -4.84906
352000 701.666 7.20191 -4.85141
353000 701.606 7.19595 -4.85744
354000 698.789 7.20216 -4.84886
355000 703.202 7.20563 -4.84587
356000 700.555 7.20557 -4.84352
357000 705.307 7.20504 -4.84351
358000 698.173 7.20404 -4.8473
359000 703.487 7.20504 -4.84285
360000 700.987 7.20262 -4.84783
361000 700.856 7.20497 -4.84446
362000 697.061 7.2038 -4.84629
363000 700.848 7.20363 -4.84711
364000 701.11 7.20497 -4.84445
365000 698.124 7.20521 -4.846
366000 701.824 7.20335 -4.84761
367000 700.086 7.20209 -4.84762
368000 698.768 7.20305 -4.84833
369000 702.614 7.20859 -4.83806
370000 703.686 7.2051 -4.84472
371000 695.81 7.20474 -4.847
372000 700.483 7.20392 -4.84624
373000 695.683 7.20542 -4.8458
374000 697.831 7.20622 -4.8431
375000 701.44 7.2048 -4.84305
376000 699.578 7.20531 -4.84459
377000 698.49 7.20591 -4.84277
378000 699.36 7.20316 -4.8477
379000 699.239 7.20329 -4.84755
380000 701.87 7.20106 -4.8478
381000 697.454 7.20273 -4.84693
382000 697.152 7.20549 -4.84563
383000 701.364 7.20464 -4.84386
384000 698.647 7.20742 -4.84038
385000 700.197 7.20794 -4.83996
386000 700.98 7.20443 -4.84396
387000 699.757 7.20253 -4.84979
388000 697.879 7.20315 -4.84828
389000 697.449 7.20022 -4.85212
390000 701.891 7.19931 -4.8522
391000 700.458 7.20402 -4.84612
392000 700.971 7.20264 -4.848
393000 700.002 7.20421 -4.84556
394000 699.18 7.20421 -4.84486
395000 698.761 7.2044 -4.84642
396000 700.131 7.20379 -4.84634
397000 698.426 7.20309 -4.84989
398000 700.803 7.19861 -4.85507
399000 699.16 7.20108 -4.85377
400000 699.682 7.19858 -4.85494
401000 699.391 7.19945 -4.85356
402000 696.043 7.20078 -4.85189
403000 697.888 7.20376 -4.84726
404000 699.052 7.20155 -4.84918
405000 700.328 7.20077 -4.8518
406000 699.779 7.20158 -4.8523
407000 697.453 7.20345 -4.84633
408000 699.257 7.20571 -4.84469
409000 698.297 7.20474 -4.84524
410000 700.201 7.20586 -4.84424
411000 703.418 7.20509 -4.84362
412000 697.089 7.2013 -4.84971
413000 702.876 7.20056 -4.85039
414000 699.444 7.20185 -4.85048
415000 699.459 7.20148 -4.85042
416000 701.28 7.20279 -4.84867
417000 701.905 7.20269 -4.84833
418000 699.98 7.20363 -4.84691
419000 697.072 7.20096 -4.85211
420000 701.236 7.20289 -4.84949
421000 698.501 7.20307 -4.84856
422000 701.307 7.20176 -4.8482
423000 697.942 7.20339 -4.84767
424000 702.679 7.20478 -4.84393
425000 700.839 7.20405 -4.84421
426000 697.921 7.20477 -4.84432
427000 699.122 7.20292 -4.84701
428000 701.285 7.20467 -4.84657
429000 704.48 7.20254 -4.84803
430000 698.092 7.19911 -4.85419
431000 696.247 7.2023 -4.84956
432000 701.149 7.20117 -4.85009
433000 698.061 7.20139 -4.84973
434000 696.564 7.20027 -4.85146
435000 698.091 7.19979 -4.85469
436000 700.44 7.20178 -4.85226
437000 703.02 7.20173 -4.84657
438000 695.992 7.20507 -4.84523
439000 701.31 7.20316 -4.84836
440000 701.365 7.20396 -4.84624
441000 703.02 7.20373 -4.84584
442000 697.899 7.20498 -4.84646
443000 700.035 7.20233 -4.84766
444000 700.506 7.20326 -4.84788
445000 699.199 7.2037 -4.84701
446000 703.419 7.20168 -4.85025
447000 700.71 7.20361 -4.8474
448000 699.615 7.20057 -4.8501
449000 700.346 7.20224 -4.8495
450000 701.404 7.20532 -4.84493
451000 702.168 7.20703 -4.84258
452000 697.105 7.20541 -4.84496
453000 701.363 7.20312 -4.85072
454000 700.028 7.20115 -4.85122
455000 701.133 7.20143 -4.84999
456000 700.351 7.199 -4.85375
457000 701.154 7.20203 -4.84875
458000 702.15 7.20191 -4.85008
459000 702.503 7.20104 -4.84914
460000 704.459 7.20038 -4.85373
461000 698.35 7.20233 -4.85056
462000 701.107 7.20547 -4.84309
463000 699.212 7.20426 -4.84508
464000 698.316 7.20429 -4.84587
465000 697.157 7.20572 -4.84375
466000 697.146 7.20627 -4.84221
467000 702.633 7.20394 -4.84538
468000 700.968 7.20353 -4.8458
469000 700.853 7.20285 -4.84872
470000 701.9 7.20309 -4.84606
471000 698.329 7.206 -4.84441
472000 700.274 7.20362 -4.84734
473000 700.484 7.20458 -4.84665
474000 697.962 7.20656 -4.84231
475000 700.045 7.20541 -4.84177
476000 701.729 7.20249 -4.84677
477000 698.063 7.20508 -4.84458
478000 701.234 7.20193 -4.85
479000 705.18 7.20054 -4.84915
480000 701.29 7.20156 -4.84916
481000 696.432 7.20253 -4.85044
482000 701.03 7.20105 -4.85149
483000 699.992 7.19886 -4.85517
484000 695.721 7.20316 -4.849
485000 699.633 7.20268 -4.84769
486000 700.214 7.20216 -4.84844
487000 703.974 7.20391 -4.84614
488000 701.517 7.20744 -4.84006
489000 702.212 7.20727 -4.8419
490000 697.491 7.20356 -4.84643
491000 701.072 7.20451 -4.84748
492000 697.53 7.20156 -4.85202
493000 704.603 7.19813 -4.85448
494000 703.125 7.20097 -4.84992
495000 698.8 7.20232 -4.84954
496000 697.441 7.20278 -4.84866
497000 697.354 7.20236 -4.85009
498000 699.256 7.2022 -4.85046
499000 698.875 7.19989 -4.85205
500000 698.404 7.20193 -4.85134
501000 704.306 7.20427 -4.84547
502000 699.204 7.20227 -4.84854
503000 700.941 7.20117 -4.85069
504000 698.094 7.20445 -4.84939
505000 700.433 7.19949 -4.85469
506000 701.689 7.20109 -4.85068
507000 700.42 7.20136 -4.85227
508000 704.955 7.19998 -4.85111
509000 700.066 7.20506 -4.8443
510000 700.244 7.2064 -4.84028
511000 697.64 7.20517 -4.84333
512000 702.249 7.2039 -4.84618
513000 706.098 7.20358 -4.8481
514000 695.965 7.20167 -4.84953
515000 699.306 7.20404 -4.84691
516000 703.86 7.20518 -4.84333
517000 697.96 7.20639 -4.8429
518000 700.089 7.20631 -4.84074
519000 699.586 7.20444 -4.84531
520000 699.001 7.20483 -4.84399
521000 697.981 7.20483 -4.84516
522000 699.177 7.20458 -4.84566
523000 703.104 7.20556 -4.84349
524000 700.556 7.20612 -4.84427
525000 700.309 7.20378 -4.84547
526000 703.253 7.20183 -4.84891
527000 701.541 7.20381 -4.84542
528000 695.613 7.20593 -4.84494
529000 699.622 7.20493 -4.84392
530000 704.303 7.20542 -4.842
531000 701.342 7.20698 -4.84177
532000 702.954 7.2034 -4.84586
533000 697.453 7.20342 -4.84798
534000 701.402 7.20059 -4.85132
535000 702.66 7.20341 -4.84718
536000 697.227 7.2092 -4.83916
537000 704.161 7.20647 -4.84324
538000 700.039 7.20091 -4.8507
539000 698.572 7.20349 -4.84577
540000 697.306 7.205 -4.84515
541000 702.871 7.20598 -4.84229
542000 701.689 7.20399 -4.84643
543000 700.747 7.20337 -4.8474
544000 701.481 7.20304 -4.84801
545000 699.218 7.202 -4.8503
546000 692.795 7.20413 -4.85032
547000 703.94 7.20383 -4.84753
548000 696.53 7.20098 -4.85079
549000 698.815 7.20169 -4.8497
550000 702.103 7.20226 -4.84669
551000 699.122 7.20362 -4.84689
552000 705.21 7.2037 -4.84421
553000 704.709 7.20739 -4.84052
554000 700.251 7.20612 -4.84266
555000 699.201 7.2059 -4.84582
556000 701.604 7.20389 -4.84696
557000 697.379 7.20139 -4.85252
558000 700.378 7.2001 -4.85284
559000 691.912 7.19895 -4.85729
560000 697.879 7.20234 -4.8504
561000 701.665 7.20386 -4.84645
562000 698.176 7.20692 -4.84414
563000 699.464 7.20351 -4.84649
564000 699.205 7.20401 -4.84666
565000 699.752 7.20138 -4.85235
566000 696.147 7.20502 -4.84288
567000 697.815 7.20417 -4.84427
568000 701.576 7.20823 -4.8391
569000 700.477 7.20449 -4.84387
570000 701.902 7.2035 -4.84771
571000 701.96 7.20136 -4.84933
572000 699.624 7.20343 -4.84694
573000 698.154 7.20839 -4.84037
574000 702.893 7.20434 -4.84629
575000 699.896 7.20189 -4.85104
576000 699.797 7.20049 -4.85136
577000 699.334 7.20426 -4.84726
578000 697.461 7.20518 -4.8455
579000 701.19 7.20335 -4.84736
580000 705.347 7.20224 -4.8488
581000 702.661 7.20341 -4.84832
582000 696.904 7.20357 -4.84954
583000 699.352 7.20253 -4.84774
584000 700.913 7.20332 -4.84839
585000 699 7.20629 -4.84277
586000 698.635 7.20634 -4.84307
587000 700.801 7.20442 -4.84536
588000 702.381 7.20352 -4.84801
589000 698.933 7.20114 -4.85094
590000 698.236 7.20063 -4.85113
591000 697.398 7.20072 -4.85205
592000 699.859 7.20386 -4.8468
593000 700.537 7.20537 -4.84539
594000 697.377 7.20567 -4.84478
595000 699.408 7.20405 -4.84567
596000 698.047 7.20296 -4.8495
597000 700.457 7.20104 -4.85017
598000 697.235 7.2004 -4.85546
599000 699.525 7.20027 -4.85224
600000 700.663 7.20164 -4.85164
601000 696.909 7.20159 -4.85113
602000 705.731 7.20204 -4.84715
603000 700.638 7.20374 -4.84841
604000 702.821 7.20059 -4.85196
605000 699.99 7.20369 -4.8489
606000 699.882 7.19905 -4.85434
607000 700.133 7.19784 -4.8583
608000 695.583 7.20001 -4.85109
609000 696.758 7.20439 -4.84968
610000 700.212 7.20005 -4.85237
611000 699.76 7.19998 -4.85229
612000 699.344 7.20088 -4.85295
613000 700.637 7.20012 -4.85263
614000 698.949 7.20381 -4.8468
615000 700.244 7.20508 -4.84613
616000 700.948 7.20524 -4.8446
617000 697.249 7.204 -4.84464
618000 701.768 7.2031 -4.84942
619000 700.027 7.20366 -4.84588
620000 702.289 7.20199 -4.84794
621000 702.631 7.20416 -4.84574
622000 699.42 7.20641 -4.84335
623000 693.052 7.20635 -4.8441
624000 702.423 7.20369 -4.84643
625000 697.88 7.2034 -4.84657
626000 697.341 7.20455 -4.84635
627000 698.689 7.20435 -4.84486
628000 699.161 7.20306 -4.85073
629000 702.17 7.20389 -4.84691
630000 701.592 7.20417 -4.84654
631000 697.852 7.20767 -4.84052
632000 701.525 7.20763 -4.84047
633000 702.461 7.20399 -4.84702
634000 703.563 7.20074 -4.84949
635000 703.843 7.2022 -4.84865
636000 700.742 7.20271 -4.84816
637000 702.372 7.20516 -4.8445
638000 700.23 7.20538 -4.84658
639000 701.887 7.20478 -4.84452
640000 697.185 7.20313 -4.85033
641000 701.28 7.20335 -4.84738
642000 697.489 7.20378 -4.84959
643000 696.55 7.20439 -4.84811
644000 702.722 7.20172 -4.85005
645000 693.453 7.20096 -4.85202
646000 696.781 7.20006 -4.85194
647000 696.575 7.20233 -4.85005
648000 700.173 7.20248 -4.84665
649000 697.231 7.20393 -4.84811
650000 699.901 7.20246 -4.84837
651000 695.771 7.20673 -4.84571
652000 698.741 7.20671 -4.84285
653000 700.609 7.20422 -4.84618
654000 697.517 7.20408 -4.84847
655000 704.672 7.20395 -4.84618
656000 696.671 7.20273 -4.84955
657000 702.545 7.20173 -4.84964
658000 703.193 7.2021 -4.84924
659000 695.678 7.20291 -4.85099
660000 701.049 7.19881 -4.85517
661000 697.803 7.19912 -4.85661
662000 701.4 7.20022 -4.85243
663000 696.291 7.20296 -4.85056
664000 700.651 7.2035 -4.85015
665000 699.102 7.2018 -4.84931
666000 699.765 7.20675 -4.84417
667000 701.209 7.20348 -4.84732
668000 698.698 7.20104 -4.85331
669000 698.523 7.19875 -4.85447
670000 700.63 7.20287 -4.84972
671000 701.159 7.2025 -4.84888
672000 702.927 7.2025 -4.84864
673000 697.967 7.20437 -4.84519
674000 701.38 7.2062 -4.84409
675000 696.997 7.20437 -4.84599
676000 702.546 7.20019 -4.85217
677000 694.82 7.20389 -4.84773
678000 701.902 7.20282 -4.84936
679000 700.05 7.20331 -4.84939
680000 699.036 7.2057 -4.84402
681000 698.549 7.20816 -4.83938
682000 699.595 7.2087 -4.83882
683000 700.381 7.20782 -4.83935
684000 698.141 7.20517 -4.84515
685000 701.971 7.2043 -4.84553
686000 700.678 7.20527 -4.84642
687000 705.3 7.2024 -4.84613
688000 698.453 7.20517 -4.8447
689000 700.969 7.20659 -4.84388
690000 698.192 7.2038 -4.84846
691000 697.122 7.20339 -4.85093
692000 698.973 7.20045 -4.85296
693000 702.701 7.20048 -4.85156
694000 698.926 7.20166 -4.85258
695000 703.213 7.20142 -4.85101
696000 705.108 7.20291 -4.84827
697000 701.288 7.20352 -4.84803
698000 702.749 7.20102 -4.8511
699000 697.573 7.1992 -4.85668
700000 699.201 7.2019 -4.8493
701000 700.741 7.20174 -4.85033
702000 700.481 7.20132 -4.85198
703000 699.188 7.20241 -4.85171
704000 698.95 7.20285 -4.84623
705000 700.681 7.20535 -4.84613
706000 696.437 7.20573 -4.84468
707000 696.337 7.20539 -4.84641
708000 704.208 7.19945 -4.85386
709000 699.652 7.19986 -4.85536
710000 701.045 7.20105 -4.85109
711000 700.633 7.20451 -4.84665
712000 697.813 7.20244 -4.85159
713000 703.987 7.20062 -4.85134
714000 700.228 7.20005 -4.85248
715000 701.334 7.20223 -4.84984
716000 705.213 7.20273 -4.84591
717000 698.667 7.20392 -4.84674
718000 697.364 7.20473 -4.84581
719000 701.624 7.2018 -4.85122
720000 697.691 7.20097 -4.85275
721000 699.104 7.20216 -4.8494
722000 698.276 7.20548 -4.84391
723000 697.132 7.20341 -4.84858
724000 699.296 7.2062 -4.84449
725000 697.662 7.20474 -4.84801
726000 701.401 7.20021 -4.85127
727000 699.016 7.19986 -4.85573
728000 699.588 7.20222 -4.84986
729000 701.191 7.20253 -4.84999
730000 702.669 7.20502 -4.84264
731000 700.049 7.20512 -4.84575
732000 703.842 7.20515 -4.84369
733000 700.186 7.20413 -4.84788
734000 699.267 7.20144 -4.85056
735000 700.401 7.20332 -4.85015
736000 699.425 7.20354 -4.84759
737000 701.692 7.2057 -4.84364
738000 696.821 7.20461 -4.84695
739000 698.5 7.20508 -4.84456
740000 695.986 7.20422 -4.84802
741000 699.505 7.20368 -4.84646
742000 698.931 7.20282 -4.84982
743000 697.607 7.20265 -4.85249
744000 701.045 7.19996 -4.85157
745000 700.579 7.2019 -4.85218
746000 700.523 7.2024 -4.84926
747000 698.277 7.20564 -4.84594
748000 702.232 7.20337 -4.84725
749000 698.664 7.20485 -4.84755
750000 696.699 7.20367 -4.84725
751000 700.069 7.20615 -4.84462
752000 704.317 7.20569 -4.84286
753000 698.308 7.20412 -4.84745
754000 704.008 7.20451 -4.84622
755000 699.605 7.19888 -4.85325
756000 700.163 7.20178 -4.85037
757000 698.85 7.20113 -4.85114
758000 702.401 7.20142 -4.84959
759000 703.231 7.20195 -4.84956
760000 704.74 7.20683 -4.84319
761000 700.026 7.20681 -4.84228
762000 698.836 7.20467 -4.84649
763000 703.232 7.20418 -4.84478
764000 698.321 7.20162 -4.8507
765000 701.081 7.20096 -4.85152
766000 696.862 7.20131 -4.85364
767000 703.949 7.20275 -4.84797
768000 698.426 7.20432 -4.84629
769000 703.913 7.20527 -4.844
770000 698.094 7.21031 -4.83817
771000 701.593 7.20587 -4.84496
772000 705.514 7.20534 -4.84246
773000 697.234 7.20366 -4.84755
774000 699.902 7.20194 -4.85105
775000 701.687 7.20249 -4.84875
776000 701.048 7.20524 -4.84525
777000 699.9 7.20191 -4.85258
778000 706.214 7.20107 -4.85057
779000 698.766 7.20005 -4.85432
780000 698.173 7.20208 -4.85115
781000 698.251 7.20183 -4.8492
782000 695.902 7.20222 -4.85148
783000 702.737 7.20301 -4.84977
784000 695.657 7.20319 -4.84922
785000 702.129 7.2023 -4.84956
786000 695.716 7.20142 -4.85242
787000 697.164 7.20235 -4.84987
788000 699.546 7.20204 -4.8495
789000 699.336 7.2021 -4.85096
790000 698.927 7.204 -4.84748
791000 693.704 7.20356 -4.84824
792000 702.626 7.20169 -4.85101
793000 699.556 7.2033 -4.84832
794000 705.05 7.20518 -4.84357
795000 698.812 7.20709 -4.84328
796000 700.156 7.20664 -4.84339
797000 699.542 7.20334 -4.84645
798000 697.704 7.20227 -4.85065
799000 703.989 7.2009 -4.85231
800000 704.177 7.20069 -4.85431
801000 699.03 7.20295 -4.8483
802000 700.57 7.205 -4.84557
803000 701.836 7.20436 -4.84568
804000 701.63 7.20359 -4.8481
805000 693.822 7.19992 -4.85384
806000 700.507 7.20091 -4.85102
807000 696.411 7.20471 -4.84668
808000 700.26 7.20669 -4.84251
809000 697.625 7.20402 -4.84902
810000 702.426 7.20132 -4.85111
811000 699.563 7.2022 -4.84923
812000 701.722 7.2024 -4.85025
813000 696.584 7.2017 -4.85057
814000 698.738 7.20115 -4.85242
815000 702.813 7.1993 -4.85209
816000 697.903 7.20271 -4.85056
817000 702.692 7.20245 -4.84836
818000 701.234 7.20491 -4.84469
819000 702.363 7.20182 -4.84954
820000 698.845 7.20301 -4.85072
821000 697.305 7.20232 -4.85014
822000 703.68 7.20157 -4.85112
823000 696.016 7.20359 -4.84856
824000 701.698 7.2049 -4.84407
825000 696.517 7.19994 -4.85302
826000 702.935 7.20202 -4.85035
827000 698.749 7.20521 -4.84409
828000 695.821 7.20874 -4.84106
829000 699.141 7.20811 -4.84163
830000 700.685 7.20173 -4.85005
831000 697.664 7.2034 -4.85
832000 699.242 7.20347 -4.84582
833000 699.623 7.20882 -4.84127
834000 700.319 7.20773 -4.84131
835000 699.706 7.20446 -4.8436
836000 699.127 7.20305 -4.84969
837000 699.07 7.20596 -4.84405
838000 699.468 7.20528 -4.84361
839000 697.547 7.20457 -4.84584
840000 702.251 7.20319 -4.84983
841000 696.186 7.20376 -4.84672
842000 702.838 7.20542 -4.84751
843000 702.345 7.20417 -4.84494
844000 694.797 7.20348 -4.84835
845000 706.496 7.20348 -4.84461
846000 699.719 7.20219 -4.85142
847000 699.295 7.20046 -4.85283
848000 700.74 7.20105 -4.85347
849000 697.834 7.20118 -4.85315
850000 695.73 7.20553 -4.84908
851000 702.42 7.20432 -4.84698
852000 698.699 7.20394 -4.84955
853000 704.068 7.2028 -4.84984
854000 702.02 7.20342 -4.84741
855000 698.061 7.20539 -4.8459
856000 697.83 7.20254 -4.85043
857000 702.771 7.20523 -4.84528
858000 703.7 7.20395 -4.84589
859000 697.002 7.20292 -4.84901
860000 695.088 7.20237 -4.85246
861000 699.231 7.2021 -4.85075
862000 702.736 7.20144 -4.85028
863000 701.683 7.20537 -4.84655
864000 702.452 7.20505 -4.84565
865000 702.214 7.20187 -4.85109
866000 703.281 7.20097 -4.84952
867000 699.233 7.20448 -4.84792
868000 698.967 7.20428 -4.84714
869000 699.955 7.20743 -4.84296
870000 699.114 7.20624 -4.84497
871000 700.642 7.20435 -4.84794
872000 699.202 7.20126 -4.85017
873000 695.051 7.19913 -4.85801
874000 700.308 7.20357 -4.84763
875000 701.438 7.20257 -4.84901
876000 698.803 7.19982 -4.85577
877000 701.891 7.20015 -4.85378
878000 700.741 7.20277 -4.84841
879000 700.838 7.20294 -4.84911
880000 700.477 7.20192 -4.85075
881000 699.61 7.20353 -4.85007
882000 700.4 7.20296 -4.84862
883000 697.814 7.2047 -4.84687
884000 698.996 7.20478 -4.84573
885000 697.173 7.20461 -4.84651
886000 704.944 7.20358 -4.84759
887000 697.75 7.20069 -4.85331
888000 699.02 7.20095 -4.85182
889000 701.115 7.19964 -4.85506
890000 700.796 7.20133 -4.85035
891000 696.736 7.20515 -4.84693
892000 699.4 7.20445 -4.8455
893000 699.353 7.20389 -4.84902
894000 704.657 7.20358 -4.84633
895000 696.869 7.20121 -4.85306
896000 699.488 7.20121 -4.85166
897000 701.267 7.20307 -4.84959
898000 703.474 7.20017 -4.85295
899000 698.024 7.20055 -4.85354
900000 700.841 7.20265 -4.8494
901000 695.737 7.20504 -4.84642
902000 705.927 7.20273 -4.84864
903000 698.988 7.20329 -4.85054
904000 700.417 7.20207 -4.84987
905000 702.631 7.20088 -4.85283
906000 699.195 7.20103 -4.85395
907000 698.024 7.20105 -4.8498
908000 700.371 7.20242 -4.85062
909000 701.378 7.20249 -4.85019
910000 704.519 7.20461 -4.84545
911000 702.938 7.20569 -4.84552
912000 701.524 7.20472 -4.84743
913000 699.886 7.20524 -4.84598
914000 697.489 7.20627 -4.84349
915000 701.302 7.20492 -4.8444
916000 702.491 7.20533 -4.8442
917000 703.157 7.20487 -4.8477
918000 699.89 7.20547 -4.84469
919000 696.454 7.20216 -4.85079
920000 700.937 7.20189 -4.85092
921000 695.719 7.20042 -4.85259
922000 705.906 7.20328 -4.84869
923000 698.086 7.20402 -4.84875
924000 699.994 7.20292 -4.84891
925000 705.786 7.20584 -4.8434
926000 700.091 7.20576 -4.8442
927000 697.162 7.20233 -4.85183
928000 700.857 7.20285 -4.84898
929000 700.925 7.20196 -4.85116
930000 695.87 7.201 -4.85365
931000 703.549 7.20276 -4.84873
932000 698.362 7.20636 -4.84272
933000 703.817 7.20596 -4.84656
934000 701.528 7.20561 -4.84441
935000 702.872 7.20325 -4.84787
936000 700.4 7.20206 -4.85257
937000 701.073 7.20107 -4.85212
938000 697.707 7.20231 -4.85225
939000 697.06 7.20335 -4.84939
940000 704.653 7.20162 -4.84945
941000 697.023 7.20672 -4.84458
942000 701.495 7.20498 -4.84569
943000 700.107 7.20405 -4.84735
944000 697.068 7.20108 -4.85276
945000 697.256 7.20228 -4.85262
946000 700.323 7.20164 -4.85115
947000 697.021 7.20271 -4.84992
948000 700.097 7.20489 -4.84558
949000 698.142 7.20354 -4.84806
950000 698.75 7.20775 -4.84051
951000 703.862 7.2077 -4.84111
952000 699.884 7.20464 -4.84649
953000 705.959 7.20278 -4.84619
954000 697.399 7.20305 -4.85021
955000 699.828 7.2028 -4.85151
956000 704.386 7.20203 -4.84907
957000 699.892 7.20518 -4.84499
958000 698.396 7.20721 -4.84358
959000 702.04 7.20718 -4.84486
960000 698.407 7.20541 -4.84484
961000 701.978 7.2039 -4.84638
962000 698.424 7.20308 -4.8472
963000 700.539 7.20257 -4.84964
964000 697.799 7.2024 -4.85256
965000 700.302 7.20294 -4.84931
966000 702.23 7.20315 -4.84803
967000 701.743 7.20486 -4.84658
968000 701.498 7.20661 -4.84504
969000 695.75 7.20572 -4.84549
970000 701.935 7.20355 -4.84827
971000 700.255 7.20163 -4.8494
972000 700.811 7.20475 -4.84813
973000 698.813 7.20732 -4.84301
974000 698.986 7.20631 -4.84621
975000 701.951 7.20104 -4.85226
976000 700.846 7.19942 -4.85385
977000 698.744 7.2019 -4.85031
978000 699.042 7.2027 -4.84949
979000 700.756 7.20479 -4.8478
980000 704.052 7.20393 -4.84541
981000 696.987 7.20708 -4.84293
982000 703.307 7.20451 -4.84729
983000 703.222 7.20351 -4.84926
984000 700.01 7.20289 -4.84961
985000 699.993 7.2038 -4.84902
986000 700.463 7.2036 -4.84833
987000 704.859 7.20634 -4.84467
988000 698.753 7.20622 -4.84574
989000 701.822 7.20289 -4.84846
990000 699.843 7.20453 -4.84734
991000 701.897 7.20215 -4.85123
992000 700.389 7.20337 -4.84919
993000 701.063 7.20212 -4.85164
994000 703.638 7.20025 -4.85282
995000 696.152 7.20323 -4.85069
996000 697.514 7.20299 -4.8502
997000 703.019 7.20618 -4.84397
998000 702.435 7.20422 -4.8448
999000 701.559 7.20396 -4.84845
1000000 704.269 7.2033 -4.84802
1001000 701.409 7.20374 -4.84759
1002000 696.551 7.20304 -4.85041
1003000 700.044 7.2056 -4.8447
1004000 704.129 7.20663 -4.84241
1005000 702.348 7.20816 -4.84496
1006000 700.985 7.20511 -4.84681
1007000 697.297 7.20666 -4.8444
1008000 695.481 7.20489 -4.847
1009000 700.916 7.20366 -4.84866
1010000 699.548 7.19812 -4.85878
1011000 698.961 7.20381 -4.85069
1012000 701.226 7.20568 -4.84418
1013000 704.168 7.20504 -4.84652
1014000 704.727 7.20438 -4.84552
1015000 698.425 7.20625 -4.84638
1016000 700.621 7.20467 -4.84631
1017000 703.032 7.20543 -4.84562
1018000 697.735 7.20311 -4.84906
1019000 699.446 7.2025 -4.85205
1020000 699.718 7.20173 -4.85024
1021000 698.495 7.20391 -4.84936
1022000 698.143 7.2055 -4.84383
1023000 695.655 7.20578 -4.84615
1024000 703.649 7.20602 -4.84489
1025000 703.404 7.2052 -4.84722
1026000 700.965 7.19954 -4.85268
1027000 700.925 7.20229 -4.84949
1028000 697.616 7.20504 -4.8467
1029000 703.997 7.20458 -4.84494
1030000 698.942 7.20791 -4.84252
1031000 704.161 7.20658 -4.84373
1032000 698.993 7.20461 -4.84817
1033000 698.569 7.20425 -4.84763
1034000 700.111 7.20613 -4.84503
1035000 697.346 7.20456 -4.84701
1036000 698.783 7.20482 -4.84776
1037000 704.012 7.20394 -4.84736
1038000 698.199 7.20048 -4.8531
1039000 699.094 7.20274 -4.85192
1040000 699.169 7.20554 -4.8464
1041000 701.084 7.2028 -4.84892
1042000 700.662 7.20375 -4.84472
1043000 698.902 7.20723 -4.84309
1044000 698.871 7.20623 -4.84238
1045000 697.079 7.20756 -4.8426
1046000 703.82 7.20573 -4.84481
1047000 705.259 7.20213 -4.84989
1048000 701.418 7.20064 -4.85294
1049000 699.251 7.20429 -4.84905
1050000 697.482 7.20531 -4.84504
1051000 700.103 7.20835 -4.84259
1052000 699.399 7.20961 -4.83781
1053000 697.227 7.20629 -4.84438
1054000 701.716 7.20312 -4.84774
1055000 700.314 7.20417 -4.84982
1056000 700.966 7.19935 -4.85527
1057000 702.188 7.20306 -4.85054
1058000 701.35 7.20703 -4.84253
1059000 702.932 7.20637 -4.8425
1060000 699.332 7.20696 -4.84274
1061000 701.479 7.20397 -4.84764
1062000 700.948 7.20478 -4.84629
1063000 701.352 7.20625 -4.84604
1064000 697.988 7.2067 -4.84308
1065000 703.444 7.20754 -4.84142
1066000 701.544 7.20429 -4.846
1067000 699.897 7.20356 -4.84787
1068000 697.179 7.20275 -4.85211
1069000 702.623 7.20309 -4.851
1070000 697.251 7.20233 -4.85069
1071000 699.738 7.20366 -4.84713
1072000 701.88 7.20554 -4.84513
1073000 698.058 7.20436 -4.84845
1074000 701.8 7.20382 -4.8456
1075000 694.607 7.20643 -4.84657
1076000 699.62 7.20494 -4.84626
1077000 698.717 7.20218 -4.8508
1078000 702.084 7.19997 -4.85433
1079000 698.509 7.20148 -4.85369
1080000 700.785 7.20477 -4.84586
1081000 701.606 7.20627 -4.84485
1082000 696.462 7.20366 -4.84713
1083000 701.233 7.20325 -4.8497
1084000 697.356 7.20289 -4.85129
1085000 701.045 7.19989 -4.85457
1086000 699.397 7.20117 -4.85455
1087000 700.186 7.20371 -4.84853
1088000 701.455 7.20329 -4.84786
1089000 700.957 7.20478 -4.84666
1090000 700.641 7.20489 -4.84611
1091000 700.53 7.20569 -4.84465
1092000 696.771 7.20526 -4.84648
1093000 699.898 7.2009 -4.85364
1094000 703.036 7.19958 -4.85361
1095000 699.723 7.20167 -4.85101
1096000 698.032 7.20143 -4.85178
1097000 700.903 7.20356 -4.84833
1098000 700.783 7.20074 -4.85364
1099000 696.647 7.20468 -4.84887
1100000 698.552 7.20425 -4.84772
1101000 700.87 7.2047 -4.84723
1102000 697.062 7.20633 -4.84313
1103000 699.869 7.20606 -4.84459
1104000 696.175 7.20305 -4.85112
1105000 701.129 7.19872 -4.85582
1106000 705.414 7.20198 -4.84987
1107000 699.544 7.20557 -4.84606
1108000 702.187 7.20258 -4.84994
1109000 699.15 7.20467 -4.84712
1110000 699.545 7.20825 -4.84394
1111000 704.006 7.20441 -4.84689
1112000 698.274 7.20614 -4.8463
1113000 699.074 7.20684 -4.84383
1114000 703.62 7.20375 -4.84794
1115000 699.497 7.20237 -4.84893
1116000 700.758 7.20209 -4.85395
1117000 697.348 7.20179 -4.85102
1118000 702.19 7.20169 -4.85291
1119000 698.818 7.1999 -4.85582
1120000 702.081 7.20013 -4.8542
1121000 698.993 7.20202 -4.85267
1122000 697.343 7.2046 -4.84722
1123000 696.532 7.20573 -4.84736
1124000 700.975 7.20478 -4.84721
1125000 704.236 7.20556 -4.8448
1126000 701.358 7.2054 -4.84677
1127000 701.366 7.20583 -4.84331
1128000 701.445 7.20604 -4.84404
1129000 696.798 7.20461 -4.85021
1130000 701.154 7.20369 -4.85044
1131000 700.238 7.20408 -4.84573
1132000 702.2 7.20285 -4.84929
1133000 703.45 7.20113 -4.85061
1134000 700.159 7.20274 -4.84878
1135000 700.383 7.20324 -4.85082
1136000 704.74 7.20387 -4.84592
1137000 699.364 7.20551 -4.84532
1138000 698.682 7.20526 -4.84437
1139000 698.874 7.20499 -4.84848
1140000 698.267 7.19929 -4.85634
1141000 702.977 7.20094 -4.85129
1142000 701.514 7.2046 -4.84681
1143000 699.933 7.20517 -4.84457
1144000 698.557 7.20635 -4.8464
1145000 700.842 7.20332 -4.84927
1146000 698.971 7.20257 -4.85131
1147000 700.235 7.20033 -4.85356
1148000 697.749 7.20173 -4.85359
1149000 698.851 7.20214 -4.84995
1150000 699.157 7.20907 -4.8399
1151000 701.056 7.2058 -4.84622
1152000 704.463 7.20263 -4.84793
1153000 695.899 7.20692 -4.84293
1154000 701.126 7.20732 -4.84147
1155000 703.313 7.20312 -4.84761
1156000 698.959 7.20303 -4.85055
1157000 700.907 7.20502 -4.84681
1158000 699.747 7.20414 -4.84774
1159000 699.698 7.20491 -4.84562
1160000 699.31 7.20541 -4.84686
1161000 701.541 7.20724 -4.84128
1162000 695.278 7.20815 -4.84398
1163000 703.374 7.20356 -4.84627
1164000 697.639 7.20388 -4.84892
1165000 698.286 7.20358 -4.84909
1166000 698.734 7.20345 -4.84941
1167000 699.231 7.20428 -4.84555
1168000 700.141 7.20403 -4.84622
1169000 697.746 7.20637 -4.84272
1170000 696.142 7.20468 -4.84732
1171000 703.669 7.20277 -4.84991
1172000 700.353 7.20337 -4.84818
1173000 695.301 7.20427 -4.85114
1174000 697.241 7.20203 -4.85182
1175000 698.32 7.2009 -4.85139
1176000 700.322 7.20269 -4.85153
1177000 700.079 7.20348 -4.84815
1178000 698.732 7.20217 -4.8522
1179000 702.65 7.20167 -4.85019
1180000 701.601 7.20471 -4.84781
1181000 704.587 7.20285 -4.85005
1182000 697.655 7.20335 -4.84975
1183000 700.418 7.20188 -4.85111
1184000 696.78 7.2016 -4.85263
1185000 703.065 7.2032 -4.84688
1186000 698.918 7.20376 -4.84759
1187000 698.051 7.20069 -4.8528
1188000 699.229 7.20043 -4.85437
1189000 693.356 7.1999 -4.85797
1190000 700.299 7.20038 -4.85378
1191000 698.297 7.20571 -4.84377
1192000 699.684 7.2089 -4.84071
1193000 699.458 7.20801 -4.84155
1194000 698.861 7.20378 -4.84903
1195000 699.494 7.20288 -4.84962
1196000 698.956 7.20273 -4.85104
1197000 702.199 7.19841 -4.85585
1198000 695.863 7.19899 -4.8563
1199000 699.019 7.20266 -4.84971
1200000 699.832 7.20485 -4.84751
1201000 704.335 7.20272 -4.85001
1202000 696.932 7.20258 -4.85087
1203000 704.81 7.20096 -4.85061
1204000 701.137 7.20254 -4.84837
1205000 703.991 7.20572 -4.84534
1206000 698.691 7.20681 -4.84426
1207000 698.979 7.20605 -4.84325
1208000 700.434 7.20679 -4.84263
1209000 701.098 7.20487 -4.84704
1210000 702.317 7.20367 -4.84824
1211000 700.754 7.20378 -4.84569
1212000 698.474 7.20546 -4.84811
1213000 701.262 7.20537 -4.8447
1214000 699.336 7.20396 -4.84778
1215000 700.571 7.20198 -4.85145
1216000 698.858 7.2009 -4.84946
1217000 702.385 7.20355 -4.8494
1218000 699.146 7.20242 -4.84976
1219000 695.983 7.20071 -4.85453
1220000 698.476 7.2003 -4.85412
1221000 698.955 7.20158 -4.8507
1222000 701.735 7.20484 -4.84667
1223000 699.292 7.203 -4.84879
1224000 701.129 7.20128 -4.8526
1225000 697.369 7.19964 -4.85608
1226000 702.892 7.20226 -4.85087
1227000 700.328 7.20522 -4.84655
1228000 698.893 7.20511 -4.84675
1229000 700.915 7.20119 -4.85325
1230000 698.403 7.20216 -4.85081
1231000 700.2 7.20255 -4.8511
1232000 700.127 7.20508 -4.84762
1233000 702.301 7.2057 -4.8456
1234000 698.833 7.20642 -4.84551
1235000 694.22 7.20361 -4.84945
1236000 698.792 7.20454 -4.84811
1237000 701.028 7.20099 -4.85305
1238000 698.652 7.20245 -4.85166
1239000 697.296 7.2038 -4.84977
1240000 697.224 7.20269 -4.85222
1241000 702.694 7.2026 -4.85106
1242000 705.217 7.20247 -4.85089
1243000 701.577 7.20335 -4.84853
1244000 698.987 7.20206 -4.84996
1245000 701.758 7.20484 -4.84576
1246000 697.892 7.20671 -4.84525
1247000 700.593 7.20502 -4.84418
1248000 700.713 7.20668 -4.84398
1249000 704.49 7.20407 -4.84746
1250000 700.37 7.20298 -4.85005
1251000 701.813 7.1999 -4.85364
1252000 701.29 7.20366 -4.85209
1253000 699.825 7.20299 -4.8501
1254000 699.819 7.20378 -4.8495
1255000 702.613 7.20019 -4.85242
1256000 696.527 7.20532 -4.84768
1257000 702.848 7.20556 -4.84406
1258000 699.342 7.2056 -4.84666
1259000 699.326 7.2036 -4.84625
1260000 698.241 7.20653 -4.84389
1261000 698.137 7.20772 -4.84316
1262000 699.229 7.20242 -4.85017
1263000 696.052 7.20462 -4.84864
1264000 694.311 7.20366 -4.84963
1265000 697.501 7.20131 -4.85339
1266000 700.219 7.20024 -4.85279
1267000 700.226 7.20393 -4.8488
1268000 699.021 7.20354 -4.84786
1269000 696.964 7.20443 -4.85003
1270000 703.251 7.20236 -4.84899
1271000 700.302 7.20392 -4.84817
1272000 700.537 7.2012 -4.85344
1273000 700.905 7.19892 -4.85532
1274000 701.709 7.20332 -4.84852
1275000 699.311 7.20451 -4.84774
1276000 703.285 7.20634 -4.84362
1277000 702.824 7.20444 -4.84591
1278000 701.447 7.20261 -4.84905
1279000 700.866 7.20224 -4.85085
1280000 696.379 7.20352 -4.84975
1281000 700.068 7.20567 -4.84434
1282000 699.4 7.20689 -4.8436
1283000 696.606 7.2078 -4.84281
1284000 701.612 7.20876 -4.84018
1285000 698.363 7.20578 -4.84225
1286000 701.253 7.20415 -4.84776
1287000 700.747 7.20458 -4.8455
1288000 702.199 7.20594 -4.84462
1289000 699.875 7.20758 -4.84243
1290000 700.126 7.20394 -4.84775
1291000 696.273 7.20243 -4.85113
1292000 698.426 7.20121 -4.8525
1293000 700.738 7.20271 -4.85005
1294000 702.683 7.20425 -4.84892
1295000 694.794 7.20785 -4.84305
1296000 701.181 7.20478 -4.84676
1297000 704.308 7.20172 -4.8503
1298000 697.673 7.20345 -4.8491
1299000 699.483 7.20368 -4.84887
1300000 700.832 7.2 -4.8536
1301000 700.103 7.20063 -4.85366
1302000 700.714 7.20243 -4.8513
1303000 701.236 7.20679 -4.84498
1304000 693.67 7.20332 -4.8506
1305000 701.806 7.20143 -4.85045
1306000 698.232 7.20188 -4.85028
1307000 701.84 7.20286 -4.85035
1308000 701.124 7.20248 -4.8517
1309000 700.004 7.20186 -4.85126
1310000 698.24 7.20474 -4.84712
1311000 699.171 7.20579 -4.84472
1312000 701.411 7.20504 -4.84457
1313000 699.357 7.20505 -4.84602
1314000 699.409 7.20316 -4.84978
1315000 701.903 7.20068 -4.85167
1316000 696.41 7.20571 -4.84689
1317000 697.169 7.20577 -4.84489
1318000 699.66 7.2075 -4.8411
1319000 701.444 7.20687 -4.84273
1320000 696.742 7.20553 -4.84473
1321000 699.839 7.20666 -4.84383
1322000 700.323 7.20559 -4.84472
1323000 698.139 7.20745 -4.84537
1324000 699.25 7.20347 -4.84782
1325000 701.218 7.20347 -4.84861
1326000 701.033 7.20305 -4.8487
1327000 699.699 7.20213 -4.85237
1328000 696.736 7.2048 -4.84692
1329000 702.955 7.20336 -4.84642
1330000 698.725 7.20429 -4.84838
1331000 701.795 7.20334 -4.84956
1332000 703.39 7.20239 -4.85075
1333000 703.027 7.20286 -4.84916
1334000 701.612 7.20497 -4.8501
1335000 699.282 7.20282 -4.85041
1336000 701.133 7.20047 -4.85326
1337000 701.905 7.20137 -4.85155
1338000 699.191 7.20339 -4.84945
1339000 701.802 7.20329 -4.85139
1340000 701.605 7.20045 -4.85506
1341000 703.617 7.20221 -4.85047
1342000 699.082 7.20243 -4.84897
1343000 698.865 7.20181 -4.8536
1344000 703.471 7.20246 -4.8498
1345000 700.588 7.20605 -4.84756
1346000 702.53 7.20068 -4.85267
1347000 696.481 7.20526 -4.84569
1348000 697.84 7.20467 -4.84661
1349000 700.247 7.20498 -4.84523
1350000 697.704 7.20662 -4.8421
1351000 699.966 7.20829 -4.843
1352000 702.363 7.20287 -4.84979
1353000 702.861 7.20262 -4.84905
1354000 700.661 7.20279 -4.84847
1355000 696.852 7.20238 -4.8521
1356000 700.29 7.20319 -4.84983
1357000 700.433 7.20211 -4.85203
1358000 702.001 7.2012 -4.85294
1359000 702.045 7.19966 -4.85383
1360000 697.884 7.20223 -4.85247
1361000 700.275 7.20435 -4.8456
1362000 700.71 7.20328 -4.84963
1363000 697.812 7.2051 -4.84795
1364000 700.762 7.20213 -4.84909
1365000 696.678 7.20125 -4.8513
1366000 699.567 7.20208 -4.84983
1367000 700.169 7.20522 -4.8473
1368000 698.862 7.20316 -4.84847
1369000 697.679 7.20183 -4.8523
1370000 700.71 7.20138 -4.85393
1371000 701.845 7.20417 -4.84891
1372000 694.995 7.20463 -4.85068
1373000 703.746 7.20183 -4.85051
1374000 698.751 7.20427 -4.84879
1375000 703.983 7.20639 -4.84319
1376000 700.12 7.20548 -4.84719
1377000 696.406 7.20423 -4.84811
1378000 699.436 7.2037 -4.84836
1379000 698.012 7.20637 -4.84416
1380000 698.777 7.20606 -4.84483
1381000 703.68 7.20416 -4.84684
1382000 698.479 7.20157 -4.85261
1383000 703.025 7.20062 -4.85265
1384000 698.494 7.20247 -4.85241
1385000 697.4 7.20528 -4.84607
1386000 700.251 7.20696 -4.84486
1387000 703.492 7.20299 -4.84739
1388000 700.082 7.20375 -4.85031
1389000 701.066 7.20241 -4.84798
1390000 695.346 7.20377 -4.84839
1391000 702.631 7.20494 -4.84487
1392000 702.806 7.20803 -4.84151
1393000 699.814 7.20486 -4.84675
1394000 702.437 7.20448 -4.84884
1395000 701.554 7.20689 -4.84434
1396000 698.41 7.20791 -4.84242
1397000 701.227 7.20694 -4.84292
1398000 695.994 7.20582 -4.84553
1399000 700.16 7.20528 -4.84557
1400000 699.843 7.20449 -4.84745
1401000 700.856 7.20237 -4.85117
1402000 700.443 7.20181 -4.85187
1403000 699.59 7.2043 -4.84889
1404000 700.368 7.20361 -4.849
1405000 698.437 7.20405 -4.84911
1406000 697.119 7.2029 -4.84889
1407000 699.262 7.20463 -4.84874
1408000 697.132 7.2027 -4.84951
1409000 698.462 7.20428 -4.85085
1410000 699.833 7.20483 -4.84599
1411000 698.175 7.20613 -4.84681
1412000 699.92 7.20783 -4.84265
1413000 701.703 7.20511 -4.84471
1414000 698.967 7.20515 -4.84656
1415000 699.273 7.20287 -4.8486
1416000 704.948 7.20461 -4.84855
1417000 701.48 7.20638 -4.8455
1418000 704.18 7.20668 -4.843
1419000 703.201 7.20674 -4.84358
1420000 697.504 7.20525 -4.84593
1421000 700.499 7.19979 -4.85353
1422000 697.845 7.20371 -4.85017
1423000 699.269 7.20353 -4.85129
1424000 702.302 7.20225 -4.84928
1425000 698.03 7.20338 -4.85179
1426000 697.716 7.20406 -4.84739
1427000 702.38 7.20456 -4.84696
1428000 699.619 7.20501 -4.84926
1429000 703.677 7.2028 -4.84984
1430000 700.781 7.20451 -4.84994
1431000 700.251 7.20545 -4.84427
1432000 699.036 7.20509 -4.84741
1433000 701.586 7.20531 -4.84648
1434000 695.752 7.20853 -4.8425
1435000 698.388 7.20571 -4.84707
1436000 702.041 7.20338 -4.84963
1437000 698.134 7.20398 -4.84844
1438000 698.387 7.20598 -4.84641
1439000 701.068 7.20657 -4.84559
1440000 699.594 7.20409 -4.84935
1441000 699.591 7.2025 -4.85054
1442000 698.478 7.20452 -4.84735
1443000 701.155 7.20359 -4.84799
1444000 698.256 7.20771 -4.84302
1445000 702.543 7.20568 -4.8432
1446000 699.045 7.20647 -4.84506
1447000 697.485 7.20665 -4.84571
1448000 699.622 7.20289 -4.84955
1449000 697.653 7.20397 -4.84948
1450000 700.43 7.20351 -4.84759
1451000 699.719 7.20383 -4.8495
1452000 699.678 7.20354 -4.84866
1453000 701.185 7.20323 -4.84846
1454000 702.648 7.20337 -4.84862
1455000 698.103 7.2044 -4.84798
1456000 701.178 7.20667 -4.84476
1457000 699.996 7.20574 -4.84419
1458000 697.214 7.20446 -4.8475
1459000 697.785 7.20217 -4.8511
1460000 695.892 7.20059 -4.85594
1461000 699.258 7.20432 -4.84814
1462000 703.347 7.20323 -4.85
1463000 698.544 7.20356 -4.84907
1464000 699.74 7.20282 -4.85118
1465000 700.232 7.2041 -4.84909
1466000 699.669 7.20486 -4.84745
1467000 699.043 7.20556 -4.84716
1468000 700.87 7.202 -4.85102
1469000 699.769 7.20332 -4.84836
1470000 694.911 7.2039 -4.85041
1471000 702.214 7.20272 -4.84951
1472000 699.899 7.20415 -4.84947
1473000 701.669 7.20792 -4.84296
1474000 700.539 7.20685 -4.84525
1475000 698.474 7.20549 -4.84489
1476000 697.407 7.20534 -4.84659
1477000 701.454 7.20112 -4.85024
1478000 697.083 7.2037 -4.84867
1479000 699.084 7.20769 -4.84155
1480000 699.406 7.20636 -4.84375
1481000 701.571 7.20466 -4.84636
1482000 697.154 7.20373 -4.8511
1483000 698.699 7.19948 -4.8553
1484000 702.051 7.20163 -4.85028
1485000 702.248 7.2021 -4.85057
1486000 698.536 7.20385 -4.8485
1487000 701.551 7.20291 -4.84902
1488000 701.14 7.20287 -4.85087
1489000 700.757 7.20193 -4.85348
1490000 700.71 7.20263 -4.84898
1491000 702.916 7.20416 -4.84779
1492000 696.69 7.2043 -4.84938
1493000 701.66 7.20601 -4.84619
1494000 702.804 7.20803 -4.8418
1495000 700.443 7.20721 -4.84291
1496000 697.277 7.2065 -4.84519
1497000 700.275 7.20473 -4.84519
1498000 697.129 7.20452 -4.84713
1499000 693.924 7.20454 -4.84835
1500000 697.205 7.20077 -4.85332
1501000 694.477 7.19923 -4.85468
1502000 701.219 7.20221 -4.85221
1503000 697.242 7.20547 -4.84726
1504000 701.511 7.2058 -4.84483
1505000 702.04 7.20458 -4.84497
1506000 700.874 7.2104 -4.83786
1507000 698.132 7.20818 -4.84178
1508000 699.046 7.20333 -4.85006
1509000 700.183 7.2035 -4.84952
1510000 699.531 7.20092 -4.85223
1511000 696.468 7.20038 -4.85438
1512000 700.414 7.20243 -4.8492
1513000 701.196 7.20524 -4.84693
1514000 700.665 7.20565 -4.84476
1515000 701.218 7.20531 -4.84592
1516000 700.336 7.20646 -4.84316
1517000 701.076 7.20441 -4.84859
1518000 699.463 7.20715 -4.84428
1519000 702.174 7.20695 -4.84389
1520000 702.126 7.2038 -4.84826
1521000 702.542 7.20312 -4.84815
1522000 698.606 7.2074 -4.84165
1523000 698.466 7.2069 -4.84381
1524000 699.146 7.20679 -4.84458
1525000 700.415 7.2049 -4.84698
1526000 703.176 7.20469 -4.8493
1527000 699.362 7.20461 -4.84973
1528000 699.412 7.20468 -4.84796
1529000 703.841 7.19935 -4.85367
1530000 700.695 7.20424 -4.84928
1531000 703.309 7.2027 -4.85055
1532000 695.566 7.20252 -4.8526
1533000 701.525 7.20198 -4.85
1534000 698.946 7.201 -4.8527
1535000 701.605 7.20243 -4.85119
1536000 702.906 7.20369 -4.84916
1537000 699.181 7.20635 -4.84611
1538000 697.679 7.20339 -4.84974
1539000 704.086 7.20545 -4.84475
1540000 699.808 7.20437 -4.84686
1541000 696.279 7.20738 -4.84338
1542000 698.972 7.20568 -4.84666
1543000 702.441 7.20333 -4.8483
1544000 695.619 7.20457 -4.84771
1545000 702.714 7.20467 -4.84668
1546000 702.923 7.20622 -4.84585
1547000 698.19 7.20802 -4.84285
1548000 702.45 7.20485 -4.84531
1549000 695.781 7.19947 -4.85604
1550000 702.201 7.20231 -4.85205
1551000 700.61 7.20465 -4.84754
1552000 697.937 7.20212 -4.85062
1553000 697.014 7.20507 -4.84794
1554000 695.518 7.20702 -4.84481
1555000 701.847 7.20338 -4.84861
1556000 704.021 7.20561 -4.84588
1557000 699.189 7.20662 -4.84452
1558000 699.361 7.20375 -4.84795
1559000 699.951 7.20456 -4.84958
1560000 696.114 7.20149 -4.85303
1561000 697.121 7.20059 -4.85517
1562000 703.392 7.20052 -4.85259
1563000 696.711 7.20376 -4.84811
1564000 702.019 7.20287 -4.84896
1565000 701.614 7.20464 -4.84905
1566000 700.543 7.20372 -4.84761
1567000 700.777 7.20319 -4.8514
1568000 697.119 7.20448 -4.85044
1569000 699.643 7.20239 -4.85276
1570000 697.214 7.20178 -4.85142
1571000 699.506 7.19754 -4.86029
1572000 700.3 7.20161 -4.85357
1573000 703.663 7.20312 -4.84892
1574000 700.074 7.2056 -4.84705
1575000 704.44 7.20675 -4.84248
1576000 696.321 7.20665 -4.84402
1577000 699.705 7.20465 -4.84709
1578000 696.39 7.2045 -4.84763
1579000 700.595 7.20141 -4.85265
1580000 701.877 7.20376 -4.849
1581000 699.61 7.20211 -4.8505
1582000 701.557 7.20322 -4.84815
1583000 699.314 7.20963 -4.84082
1584000 700.636 7.20585 -4.84404
1585000 696.106 7.20732 -4.84615
1586000 707.195 7.20372 -4.84604
1587000 699.313 7.2045 -4.84825
1588000 700.913 7.20414 -4.84788
1589000 699.14 7.20559 -4.84577
1590000 702.278 7.20528 -4.84847
1591000 699.794 7.20484 -4.84676
1592000 700.925 7.20596 -4.84723
1593000 696.108 7.20704 -4.84296
1594000 701.679 7.20527 -4.8462
1595000 697.091 7.20464 -4.85068
1596000 699.675 7.19999 -4.85532
1597000 696.003 7.20036 -4.85562
1598000 698.01 7.20376 -4.85069
1599000 697.903 7.20536 -4.84738
1600000 704.37 7.20534 -4.84602
1601000 696.264 7.20515 -4.84828
1602000 700.473 7.2036 -4.84939
1603000 700.434 7.20257 -4.85125
1604000 698.087 7.20308 -4.85089
1605000 701.546 7.20472 -4.84777
1606000 698.12 7.2061 -4.84596
1607000 698.714 7.20544 -4.84573
1608000 702.518 7.20469 -4.84606
1609000 698.87 7.20771 -4.84314
1610000 698.766 7.20417 -4.84921
1611000 703.785 7.20084 -4.85331
1612000 701.454 7.19939 -4.85478
1613000 698.148 7.2039 -4.85098
1614000 699.88 7.20423 -4.84859
1615000 697.944 7.20563 -4.84673
1616000 702.787 7.20548 -4.84726
1617000 702.158 7.2046 -4.84775
1618000 695.883 7.20294 -4.85274
1619000 700.831 7.20223 -4.85349
1620000 702.178 7.20369 -4.85038
1621000 702.249 7.20449 -4.84973
1622000 697.923 7.20509 -4.84822
1623000 700.842 7.20578 -4.84682
1624000 699.244 7.20638 -4.84416
1625000 699.299 7.2069 -4.84396
1626000 702.828 7.20527 -4.84474
1627000 700.606 7.20407 -4.8474
1628000 699.904 7.20208 -4.85344
1629000 696.64 7.20453 -4.84714
1630000 705.569 7.20341 -4.84903
1631000 701.042 7.20403 -4.85027
1632000 700.054 7.20427 -4.84681
1633000 701.877 7.20433 -4.84808
1634000 697.848 7.2081 -4.84293
1635000 702.025 7.20529 -4.8468
1636000 703.393 7.20843 -4.84121
1637000 699.088 7.20505 -4.84711
1638000 699.48 7.20428 -4.84555
1639000 698.3 7.20285 -4.84995
1640000 700.395 7.20002 -4.85717
1641000 699.498 7.20257 -4.85095
1642000 701.414 7.20317 -4.84713
1643000 701.392 7.205 -4.84606
1644000 700.719 7.20238 -4.85224
1645000 698.217 7.19992 -4.85741
1646000 700.717 7.20285 -4.85089
1647000 700.924 7.20366 -4.84832
1648000 700.078 7.2046 -4.8473
1649000 700.853 7.20485 -4.84681
1650000 702.018 7.20298 -4.85167
1651000 700.617 7.20082 -4.85334
1652000 700.163 7.20269 -4.84975
1653000 701.189 7.20362 -4.84965
1654000 696.711 7.20228 -4.85395
1655000 700.476 7.20321 -4.85165
1656000 702.614 7.2062 -4.84369
1657000 701.489 7.2058 -4.84485
1658000 700.035 7.20815 -4.84321
1659000 700.53 7.20458 -4.84589
1660000 702.091 7.2021 -4.85202
1661000 694.869 7.2019 -4.85368
1662000 698.184 7.20137 -4.85461
1663000 704.284 7.20214 -4.85135
1664000 703.242 7.20588 -4.84537
1665000 699.945 7.20542 -4.84638
1666000 699.535 7.20639 -4.84662
1667000 700.519 7.20655 -4.84311
1668000 698.949 7.20739 -4.84425
1669000 701.057 7.20689 -4.84289
1670000 699.289 7.20603 -4.84627
1671000 697.263 7.20405 -4.84971
1672000 699.2 7.20304 -4.84987
1673000 699.412 7.20134 -4.85384
1674000 701.425 7.20196 -4.84856
1675000 700.882 7.20718 -4.84291
1676000 698.959 7.20692 -4.84393
1677000 700.856 7.2053 -4.84719
1678000 700.203 7.20363 -4.84984
1679000 701.521 7.20464 -4.84742
1680000 701.295 7.20604 -4.84346
1681000 697.697 7.20493 -4.84761
1682000 699.909 7.20325 -4.84962
1683000 701.69 7.20191 -4.85252
1684000 696.742 7.20517 -4.84519
1685000 698.268 7.20509 -4.84811
1686000 699.685 7.20625 -4.84719
1687000 698.89 7.20549 -4.84547
1688000 695.867 7.2034 -4.852
1689000 703.314 7.20369 -4.84848
1690000 700.436 7.20524 -4.84513
1691000 700.277 7.2046 -4.84721
1692000 695.242 7.20701 -4.84412
1693000 698.561 7.20855 -4.84223
1694000 702.448 7.2055 -4.84578
1695000 701.969 7.20601 -4.84555
1696000 704.71 7.20313 -4.85064
1697000 701.283 7.2014 -4.85122
1698000 698.679 7.20143 -4.85357
1699000 701.023 7.2028 -4.85053
1700000 694.132 7.20225 -4.85257
1701000 695.976 7.20331 -4.84948
1702000 702.385 7.20457 -4.84712
1703000 697.541 7.20587 -4.84603
1704000 701.563 7.20671 -4.84485
1705000 700.292 7.20592 -4.84463
1706000 699.058 7.20431 -4.84916
1707000 698.878 7.20341 -4.84869
1708000 699.176 7.20437 -4.84821
1709000 697.947 7.20489 -4.84963
1710000 698.029 7.20263 -4.85101
1711000 698.008 7.20273 -4.85122
1712000 700.449 7.20522 -4.8474
1713000 697.487 7.20188 -4.85242
1714000 700.876 7.20115 -4.85444
1715000 697.45 7.2045 -4.84881
1716000 702.217 7.20312 -4.8486
1717000 702.127 7.20291 -4.85094
1718000 697.922 7.20512 -4.84919
1719000 703.819 7.20604 -4.84611
1720000 699.385 7.20439 -4.84948
1721000 701.519 7.19975 -4.85485
1722000 700.893 7.2032 -4.85122
1723000 699.773 7.20357 -4.84843
1724000 697.623 7.20542 -4.84835
1725000 702.469 7.20139 -4.85183
1726000 702.772 7.20368 -4.84885
1727000 701.55 7.20135 -4.8513
1728000 696.765 7.20218 -4.85211
1729000 702.872 7.20298 -4.84853
1730000 698.107 7.20241 -4.85283
1731000 700.839 7.20035 -4.85373
1732000 698.065 7.2032 -4.85118
1733000 698.985 7.20482 -4.84822
1734000 702.317 7.20519 -4.849
1735000 698.655 7.20359 -4.84972
1736000 701.292 7.20472 -4.84693
1737000 698.367 7.20112 -4.85472
1738000 700.791 7.20057 -4.8542
1739000 699.743 7.19918 -4.85425
1740000 696.614 7.20422 -4.84921
1741000 699.999 7.20305 -4.85048
1742000 702.486 7.20096 -4.85543
1743000 703.464 7.20195 -4.85174
1744000 699.124 7.20339 -4.85073
1745000 699.858 7.20268 -4.84873
1746000 698.609 7.2 -4.85448
1747000 695.664 7.2026 -4.85444
1748000 700.061 7.20288 -4.84878
1749000 700.176 7.20373 -4.84738
1750000 701.485 7.20476 -4.84602
1751000 698.806 7.20595 -4.84493
1752000 699.767 7.20347 -4.85029
1753000 698.972 7.20275 -4.85147
1754000 701.059 7.20006 -4.85506
1755000 701.29 7.2021 -4.85152
1756000 702.478 7.20421 -4.84886
1757000 694.784 7.20457 -4.85
1758000 700.408 7.20391 -4.84984
1759000 704.9 7.20611 -4.84705
1760000 700.143 7.21133 -4.83802
1761000 700.354 7.20631 -4.84555
1762000 695.784 7.20628 -4.84632
1763000 702.311 7.20513 -4.84496
1764000 702.938 7.2043 -4.84941
1765000 700.197 7.20916 -4.84143
1766000 703.61 7.20523 -4.84583
1767000 697.396 7.20591 -4.84703
1768000 700.083 7.20238 -4.85106
1769000 698.795 7.19995 -4.85623
1770000 697.683 7.20224 -4.85241
1771000 700.14 7.20253 -4.85198
1772000 702.664 7.20443 -4.84547
1773000 700.315 7.20739 -4.84374
1774000 700.429 7.2059 -4.8457
1775000 699.474 7.20507 -4.84718
1776000 701.456 7.20711 -4.84488
1777000 697.203 7.20569 -4.84701
1778000 697.037 7.20562 -4.84783
1779000 701.142 7.20393 -4.84929
1780000 701.058 7.20123 -4.85389
1781000 698.092 7.20198 -4.85337
1782000 700.699 7.20154 -4.85393
1783000 697.27 7.20443 -4.85042
1784000 697.799 7.20496 -4.84642
1785000 700.426 7.20781 -4.84255
1786000 700.92 7.20554 -4.84608
1787000 698.204 7.20511 -4.84849
1788000 703.244 7.2031 -4.85111
1789000 699.077 7.20147 -4.85527
1790000 698.863 7.20232 -4.85267
1791000 697.708 7.20022 -4.85451
1792000 696.237 7.20342 -4.85183
1793000 699.172 7.20255 -4.85105
1794000 696.817 7.20377 -4.84936
1795000 700.304 7.20157 -4.85211
1796000 697.186 7.20402 -4.84883
1797000 703.125 7.20406 -4.84973
1798000 698.83 7.20306 -4.84878
1799000 701.302 7.20543 -4.8487
1800000 701.814 7.20665 -4.8449
1801000 697.83 7.20678 -4.84649
1802000 697.33 7.2031 -4.84903
1803000 698.994 7.20255 -4.85287
1804000 701.621 7.20247 -4.85089
1805000 699.009 7.2052 -4.84761
1806000 697.767 7.20464 -4.84951
1807000 702.42 7.20362 -4.85073
1808000 696.127 7.2038 -4.84962
1809000 698.845 7.20731 -4.84384
1810000 698.845 7.20679 -4.84622
1811000 700.471 7.20767 -4.84364
1812000 702.518 7.20108 -4.8503
1813000 698.098 7.20417 -4.84764
1814000 697.07 7.20718 -4.84447
1815000 701.196 7.20755 -4.84387
1816000 703.72 7.20757 -4.84083
1817000 702.188 7.20878 -4.84255
1818000 699.044 7.20512 -4.84683
1819000 701.988 7.20529 -4.84639
1820000 700.793 7.20377 -4.84997
1821000 702.635 7.20258 -4.85189
1822000 702.662 7.20376 -4.84914
1823000 698.718 7.20466 -4.84684
1824000 699.551 7.20879 -4.84036
1825000 699.172 7.20673 -4.84608
1826000 699.799 7.20444 -4.84805
1827000 701.231 7.20649 -4.84786
1828000 699.769 7.20157 -4.85309
1829000 700.844 7.20115 -4.85323
1830000 700.891 7.20297 -4.85256
1831000 702.171 7.20614 -4.84524
1832000 698.986 7.20763 -4.84412
1833000 699.481 7.20827 -4.84134
1834000 700.825 7.20786 -4.84441
1835000 701.856 7.20626 -4.84459
1836000 699.042 7.20566 -4.84799
1837000 700.037 7.20454 -4.84832
1838000 695.389 7.20256 -4.85198
1839000 699.768 7.20283 -4.8524
1840000 697.236 7.20197 -4.8539
1841000 701.491 7.2034 -4.85175
1842000 701.601 7.20341 -4.84944
1843000 701.629 7.2029 -4.8503
1844000 695.92 7.20428 -4.852
1845000 700.888 7.2046 -4.84721
1846000 701.413 7.20592 -4.84669
1847000 698.47 7.20546 -4.84819
1848000 699.23 7.20373 -4.84909
1849000 699.502 7.20206 -4.85192
1850000 700.466 7.20285 -4.85123
1851000 698.118 7.20347 -4.84825
1852000 698.875 7.20128 -4.85303
1853000 697.614 7.20592 -4.84646
1854000 704.438 7.20573 -4.84655
1855000 690.926 7.20729 -4.84571
1856000 700.292 7.20338 -4.85017
1857000 698.152 7.20133 -4.8538
1858000 697.436 7.20377 -4.85015
1859000 702.25 7.20377 -4.84928
1860000 693.103 7.20513 -4.85126
1861000 702.813 7.20447 -4.84862
1862000 697.331 7.20547 -4.84746
1863000 701.41 7.204 -4.84654
1864000 702.622 7.20245 -4.85145
1865000 697.178 7.2028 -4.85068
1866000 699.744 7.20169 -4.85305
1867000 701.761 7.20116 -4.85306
1868000 696.85 7.20188 -4.85353
1869000 699.066 7.20495 -4.84615
1870000 697.495 7.20712 -4.84444
1871000 700.341 7.20557 -4.8458
1872000 698.533 7.2052 -4.84859
1873000 701.205 7.20393 -4.84963
1874000 699.442 7.20317 -4.85136
1875000 697.608 7.20144 -4.85336
1876000 700.069 7.2024 -4.85153
1877000 700.862 7.2041 -4.8494
1878000 696.383 7.20613 -4.84657
1879000 698.04 7.21138 -4.83988
1880000 699.276 7.20789 -4.84371
1881000 697.864 7.20607 -4.84734
1882000 700.512 7.20461 -4.84839
1883000 695.174 7.20499 -4.84789
1884000 698.855 7.20539 -4.84875
1885000 700.401 7.20315 -4.84949
1886000 699.408 7.20181 -4.85276
1887000 696.681 7.20085 -4.85413
1888000 698.208 7.20581 -4.84605
1889000 698.353 7.20591 -4.84694
1890000 700.922 7.20274 -4.85166
1891000 698.381 7.20307 -4.84968
1892000 700.127 7.2048 -4.84946
1893000 703.472 7.20642 -4.84238
1894000 698.341 7.20729 -4.8441
1895000 702.322 7.20321 -4.84897
1896000 696.16 7.20444 -4.8477
1897000 706.095 7.2061 -4.84464
1898000 701.165 7.20553 -4.84633
1899000 700.328 7.20248 -4.85191
1900000 701.63 7.20042 -4.85463
1901000 695.864 7.20305 -4.85331
1902000 701.096 7.20178 -4.8524
1903000 702.457 7.20469 -4.84849
1904000 697.74 7.20681 -4.84655
1905000 698.907 7.20657 -4.84371
1906000 700.402 7.20733 -4.84466
1907000 696.009 7.20548 -4.84955
1908000 700.937 7.20463 -4.84919
1909000 699.804 7.20177 -4.85339
1910000 696.221 7.20295 -4.85161
1911000 704.296 7.20232 -4.85056
1912000 701.718 7.20459 -4.84772
1913000 701.024 7.2065 -4.84639
1914000 702.273 7.20461 -4.84552
1915000 700.453 7.20472 -4.84806
1916000 700.773 7.19862 -4.85765
1917000 695.708 7.20191 -4.85391
1918000 699.793 7.20731 -4.8446
1919000 703.851 7.20536 -4.84583
1920000 699.242 7.20493 -4.8489
1921000 697.782 7.20402 -4.8476
1922000 697.868 7.20515 -4.8482
1923000 699.151 7.20309 -4.85011
1924000 699.785 7.20249 -4.85313
1925000 705.069 7.20224 -4.84975
1926000 702.007 7.20339 -4.85118
1927000 699.206 7.2049 -4.84948
1928000 696.772 7.20461 -4.84816
1929000 700.357 7.20818 -4.84288
1930000 700.62 7.20871 -4.84076
1931000 700.285 7.20672 -4.84672
1932000 703.808 7.20325 -4.8458
1933000 696.333 7.20538 -4.84644
1934000 699.647 7.20277 -4.84804
1935000 698.742 7.2041 -4.84862
1936000 699.547 7.20478 -4.84707
1937000 698.743 7.20505 -4.84863
1938000 702.967 7.20571 -4.84783
1939000 702.843 7.20642 -4.84634
1940000 699.053 7.206 -4.84582
1941000 703.037 7.20702 -4.84403
1942000 699.291 7.20657 -4.84633
1943000 699.991 7.2028 -4.8492
1944000 699.055 7.2059 -4.84424
1945000 701.514 7.20755 -4.84258
1946000 699.337 7.20735 -4.84371
1947000 701.599 7.20579 -4.84478
1948000 700.457 7.20654 -4.8448
1949000 701.232 7.20516 -4.84857
1950000 699.239 7.20311 -4.85227
1951000 701.521 7.2019 -4.8515
1952000 697.041 7.2004 -4.85592
1953000 700.153 7.20288 -4.85176
1954000 701.176 7.20408 -4.84907
1955000 701.668 7.20559 -4.84673
1956000 696.401 7.20813 -4.84458
1957000 697.497 7.20625 -4.8448
1958000 703.176 7.20598 -4.84627
1959000 700.907 7.20756 -4.84516
1960000 699.557 7.20581 -4.84604
1961000 698.451 7.20575 -4.84696
1962000 699.545 7.20332 -4.85053
1963000 701.059 7.20222 -4.85095
1964000 700.117 7.204 -4.84938
1965000 698.173 7.20194 -4.85057
1966000 697.977 7.20373 -4.84986
1967000 702.318 7.20268 -4.85141
1968000 697.807 7.20367 -4.84989
1969000 700.029 7.20489 -4.8446
1970000 701.433 7.20598 -4.84571
1971000 701.233 7.20821 -4.84225
1972000 699.093 7.20569 -4.84653
1973000 697.342 7.20562 -4.84578
1974000 702.251 7.20577 -4.84594
1975000 696.172 7.20807 -4.84437
1976000 699.707 7.20655 -4.84377
1977000 702.793 7.20517 -4.84621
1978000 698.091 7.20373 -4.85004
1979000 699.17 7.20142 -4.85364
1980000 700.112 7.20314 -4.8526
1981000 700.353 7.20295 -4.85009
1982000 699.036 7.20276 -4.85092
1983000 697.872 7.2025 -4.85185
1984000 700.418 7.20257 -4.85138
1985000 693.561 7.20186 -4.85372
1986000 701.966 7.20095 -4.8545
1987000 697.792 7.2024 -4.85225
1988000 698.463 7.20353 -4.85008
1989000 700.603 7.20577 -4.84503
1990000 700.703 7.20459 -4.84907
1991000 701.092 7.20726 -4.84592
1992000 705.058 7.20939 -4.84066
1993000 700.843 7.20789 -4.84338
1994000 697.337 7.20474 -4.84734
1995000 701.358 7.20323 -4.84877
1996000 697.429 7.2038 -4.85105
1997000 702.093 7.2011 -4.8535
1998000 699.628 7.20234 -4.85223
1999000 698.412 7.20328 -4.85158
2000000 697.968 7.20338 -4.85107
2001000 694.33 7.20268 -4.85239
2002000 702.126 7.20266 -4.85142
2003000 698.831 7.20571 -4.84638
2004000 703.399 7.20739 -4.84178
2005000 699.921 7.20492 -4.84931
2006000 702.62 7.20456 -4.84832
2007000 700.925 7.20363 -4.85287
2008000 697.211 7.20028 -4.85528
2009000 698.076 7.20354 -4.85077
2010000 702.028 7.20326 -4.8497
2011000 699.195 7.2033 -4.85108
2012000 699.985 7.20687 -4.84588
2013000 704.553 7.20453 -4.84801
2014000 701.249 7.20321 -4.85177
2015000 704.301 7.20448 -4.84806
2016000 698.049 7.2065 -4.84598
2017000 698.752 7.20617 -4.84461
2018000 702.341 7.20512 -4.8477
2019000 698.661 7.20429 -4.84825
2020000 701.274 7.20132 -4.85285
2021000 699.503 7.20238 -4.85124
2022000 695.448 7.20313 -4.85122
2023000 703.108 7.19784 -4.85755
2024000 698.286 7.20275 -4.85237
2025000 698.809 7.2031 -4.85051
2026000 699.801 7.20426 -4.84948
2027000 699.557 7.20683 -4.843
2028000 700.674 7.2104 -4.83769
2029000 699.559 7.20609 -4.84518
2030000 698.107 7.20589 -4.84932
2031000 700.548 7.20503 -4.84536
2032000 699.817 7.20601 -4.84525
2033000 700.095 7.20268 -4.84975
2034000 697.97 7.20155 -4.8541
2035000 703.831 7.20162 -4.85182
2036000 698.83 7.20177 -4.85314
2037000 701.853 7.20126 -4.85425
2038000 698.386 7.20221 -4.85444
2039000 703.648 7.2007 -4.85488
2040000 696.783 7.2032 -4.85151
2041000 691.361 7.20468 -4.85425
2042000 680.357 7.20819 -4.85618
2043000 671.805 7.20941 -4.85814
2044000 660.78 7.21443 -4.85714
2045000 652.668 7.21699 -4.85978
2046000 641.355 7.21527 -4.86988
2047000 630.989 7.22012 -4.87114
2048000 619.086 7.22005 -4.87531
2049000 611.246 7.22585 -4.87427
2050000 602.075 7.22727 -4.87749
2051000 591.888 7.22873 -4.88247
2052000 583.148 7.23515 -4.87753
2053000 570.235 7.23492 -4.88433
2054000 559.8 7.23669 -4.888
2055000 550.317 7.23933 -4.89047
2056000 542.027 7.24202 -4.89229
2057000 531.368 7.24638 -4.89178
2058000 519.995 7.24855 -4.89468
2059000 509.117 7.2507 -4.89756
2060000 501.678 7.25336 -4.89978
2061000 493.588 7.25366 -4.90655
2062000 480.675 7.25623 -4.90805
2063000 470.664 7.25886 -4.91078
2064000 461.977 7.25987 -4.91672
2065000 451.444 7.26246 -4.91848
2066000 442.752 7.26648 -4.91822
2067000 431.901 7.2681 -4.92187
2068000 420.854 7.26985 -4.92543
2069000 411.46 7.2737 -4.92614
2070000 400.418 7.27568 -4.92883
2071000 392.306 7.27838 -4.93027
2072000 380.574 7.27968 -4.93489
2073000 371.735 7.28363 -4.93599
2074000 361.914 7.28588 -4.93837
2075000 350.35 7.28846 -4.94048
2076000 341.56 7.28901 -4.94623
2077000 332.14 7.2919 -4.94768
2078000 322.247 7.29315 -4.95186
2079000 309.906 7.29692 -4.95249
2080000 300.644 7.29902 -4.95507
