# Time-averaged data for fix OUT2
# TimeStep v_vT v_rho v_ent
220000 2512.75 6.53833 -4.20686
221000 2500.23 6.53616 -4.2104
222000 2504.71 6.53206 -4.22018
223000 2503.22 6.53319 -4.2142
224000 2490.54 6.53954 -4.21058
225000 2500.49 6.53111 -4.21948
226000 2505.64 6.53958 -4.21567
227000 2497.14 6.54117 -4.21349
228000 2503.44 6.54061 -4.21343
229000 2487.15 6.54196 -4.21016
230000 2501.38 6.53875 -4.22297
231000 2488.32 6.53936 -4.20795
232000 2488.61 6.54226 -4.21085
233000 2496.48 6.53885 -4.21332
234000 2495.03 6.54382 -4.21484
235000 2495.37 6.53901 -4.21608
236000 2490.03 6.54678 -4.20931
237000 2485.44 6.53882 -4.21849
238000 2483.43 6.53587 -4.2268
239000 2473.41 6.5466 -4.22036
240000 2482.66 6.55033 -4.216
241000 2483.4 6.54114 -4.22475
242000 2468.57 6.53892 -4.22526
243000 2478.95 6.54154 -4.22361
244000 2486.15 6.54686 -4.21588
245000 2475.88 6.54667 -4.2183
246000 2480.91 6.54604 -4.22237
247000 2468.29 6.54533 -4.21665
248000 2473.18 6.54798 -4.22617
249000 2470.03 6.5577 -4.21982
250000 2474.25 6.55037 -4.22339
251000 2474.83 6.53808 -4.23076
252000 2471.83 6.54552 -4.2216
253000 2470.38 6.55257 -4.21972
254000 2469.34 6.54804 -4.2271
255000 2469.42 6.55121 -4.21798
256000 2466.1 6.55309 -4.22133
257000 2465.36 6.54636 -4.23193
258000 2471.44 6.55051 -4.22659
259000 2456.08 6.54738 -4.23001
260000 2463.24 6.5448 -4.22856
261000 2443.38 6.55777 -4.22131
262000 2466.83 6.55524 -4.22535
263000 2473.43 6.55175 -4.22737
264000 2451.45 6.55199 -4.23552
265000 2455.73 6.55735 -4.22901
266000 2458.32 6.54912 -4.23798
267000 2456.4 6.55827 -4.23772
268000 2455.67 6.55096 -4.233
269000 2438.89 6.55387 -4.2322
270000 2438.01 6.55765 -4.23653
271000 2456.25 6.55475 -4.23525
272000 2459.02 6.56082 -4.22939
273000 2453.16 6.56011 -4.22889
274000 2468.4 6.55797 -4.22855
275000 2442.06 6.56026 -4.23536
276000 2443.33 6.55929 -4.23339
277000 2442.1 6.55627 -4.23985
278000 2444.81 6.55441 -4.23488
279000 2433.21 6.56162 -4.23291
280000 2440.31 6.55426 -4.23802
281000 2435.99 6.55759 -4.2378
282000 2446.23 6.56117 -4.23682
283000 2427.9 6.55719 -4.24007
284000 2443.36 6.5546 -4.2436
285000 2434.61 6.56379 -4.23944
286000 2442.27 6.55914 -4.23562
287000 2416.63 6.56132 -4.23852
288000 2427.61 6.55919 -4.23559
289000 2441.68 6.56091 -4.23798
290000 2425.32 6.56312 -4.23912
291000 2427.44 6.5656 -4.24169
292000 2426.56 6.55489 -4.25828
293000 2419.8 6.56295 -4.24552
294000 2432.44 6.56781 -4.23733
295000 2422.69 6.56861 -4.23346
296000 2430.91 6.5715 -4.23261
297000 2436 6.56492 -4.23729
298000 2429.73 6.56421 -4.2351
299000 2424.55 6.56455 -4.23734
300000 2416.6 6.56946 -4.23612
301000 2415.27 6.56396 -4.25079
302000 2418.78 6.56627 -4.24815
303000 2400.58 6.56965 -4.24535
304000 2411.92 6.56073 -4.24796
305000 2411.37 6.56917 -4.24562
306000 2402.87 6.56549 -4.25667
307000 2404.48 6.57068 -4.24585
308000 2413.98 6.56299 -4.24848
309000 2398.11 6.57592 -4.24579
310000 2415.79 6.56695 -4.24582
311000 2392.63 6.57051 -4.2514
312000 2411.62 6.57027 -4.24363
313000 2391.19 6.57402 -4.24359
314000 2413.13 6.56933 -4.24768
315000 2409.77 6.57607 -4.23734
316000 2416.89 6.57051 -4.24292
317000 2410.84 6.57189 -4.25215
318000 2403.32 6.58259 -4.23991
319000 2400.55 6.57476 -4.25286
320000 2410.76 6.57417 -4.25435
321000 2393.4 6.57258 -4.25016
322000 2406.25 6.56549 -4.25805
323000 2391.37 6.57977 -4.25342
324000 2391.25 6.57689 -4.25775
325000 2392.77 6.56637 -4.25435
326000 2398.95 6.57156 -4.26514
327000 2396.57 6.57514 -4.25504
328000 2397.72 6.58416 -4.24686
329000 2399.32 6.57819 -4.25233
330000 2386.08 6.57829 -4.25236
331000 2398.91 6.57679 -4.25457
332000 2386.99 6.58354 -4.2537
333000 2380.2 6.58214 -4.25881
334000 2379.73 6.58161 -4.25787
335000 2385.02 6.58119 -4.26148
336000 2382.48 6.58269 -4.25979
337000 2390.91 6.57326 -4.26241
338000 2379.71 6.58571 -4.25641
339000 2386.17 6.5791 -4.253
340000 2378.31 6.58231 -4.25104
341000 2387.64 6.58927 -4.25438
342000 2377.16 6.58659 -4.25722
343000 2373.64 6.5844 -4.2562
344000 2377.71 6.58798 -4.2529
345000 2363.25 6.58719 -4.25972
346000 2369.06 6.58374 -4.26017
347000 2385.84 6.58707 -4.2596
348000 2368.15 6.58924 -4.25635
349000 2371.89 6.58766 -4.25987
350000 2366.74 6.5788 -4.267
351000 2363.34 6.59327 -4.25972
352000 2357.11 6.58323 -4.2625
353000 2365.97 6.58522 -4.26674
354000 2348.08 6.58204 -4.27219
355000 2355.37 6.59294 -4.26596
356000 2370.34 6.59431 -4.25526
357000 2373.64 6.59519 -4.25537
358000 2366.55 6.5973 -4.2618
359000 2366.28 6.58854 -4.26978
360000 2373.4 6.59175 -4.26851
361000 2356.68 6.58971 -4.26558
362000 2355.26 6.59 -4.26695
363000 2364.84 6.5922 -4.26092
364000 2360.57 6.60209 -4.25564
365000 2360.57 6.59377 -4.26272
366000 2368.91 6.59231 -4.26914
367000 2363.51 6.59141 -4.27058
368000 2349.72 6.59006 -4.27136
369000 2335.65 6.59808 -4.27305
370000 2347.46 6.59421 -4.26747
371000 2358.56 6.59645 -4.26926
372000 2358.27 6.59753 -4.26601
373000 2346.15 6.59953 -4.26622
374000 2335.96 6.59589 -4.27487
375000 2344.64 6.58676 -4.2869
376000 2341.95 6.59877 -4.27123
377000 2345.64 6.59208 -4.27375
378000 2348.79 6.59629 -4.2612
379000 2341.87 6.60247 -4.26471
380000 2331.16 6.58858 -4.28516
381000 2332.28 6.60331 -4.2716
382000 2347.2 6.60129 -4.27109
383000 2348.75 6.60075 -4.27573
384000 2349.02 6.59958 -4.26607
385000 2332.95 6.59648 -4.27232
386000 2334.03 6.60947 -4.26574
387000 2340.33 6.60022 -4.26554
388000 2324.14 6.59871 -4.27955
389000 2329.88 6.59768 -4.28206
390000 2341.19 6.60011 -4.27195
391000 2334.97 6.60429 -4.27062
392000 2344.24 6.60912 -4.2657
393000 2322.37 6.60285 -4.28262
394000 2319.04 6.60296 -4.27831
395000 2321.57 6.60031 -4.28505
396000 2323.68 6.60412 -4.27861
397000 2334.82 6.60191 -4.28074
398000 2322.61 6.60005 -4.29186
399000 2319.61 6.60178 -4.28415
400000 2322.64 6.60756 -4.27947
401000 2322.39 6.60465 -4.28959
402000 2315.86 6.61366 -4.27489
403000 2323.38 6.6085 -4.28146
404000 2312.26 6.60015 -4.28764
405000 2316.12 6.60835 -4.28703
406000 2304.96 6.60781 -4.29214
407000 2316.71 6.60898 -4.2895
408000 2303.6 6.61381 -4.28541
409000 2307.14 6.61104 -4.27653
410000 2314.05 6.61629 -4.27886
411000 2325.48 6.61674 -4.27911
412000 2303.23 6.61217 -4.28853
413000 2300.16 6.61377 -4.29284
414000 2300.95 6.60394 -4.30186
415000 2298.16 6.60861 -4.29164
416000 2308.56 6.61496 -4.28414
417000 2289.08 6.61763 -4.28135
418000 2293.58 6.61363 -4.28965
419000 2305.91 6.60471 -4.29893
420000 2304.37 6.61643 -4.28981
421000 2300.5 6.61226 -4.2913
422000 2291.84 6.61737 -4.28914
423000 2300.72 6.61449 -4.29458
424000 2291.3 6.61403 -4.29512
425000 2283.44 6.61922 -4.28547
426000 2296.83 6.61749 -4.29036
427000 2291.1 6.62214 -4.27825
428000 2301.79 6.62083 -4.28296
429000 2298.26 6.62542 -4.27847
430000 2292.15 6.61749 -4.28089
431000 2283.46 6.62242 -4.29297
432000 2288.91 6.61315 -4.29135
433000 2285.22 6.62207 -4.28764
434000 2274.34 6.61737 -4.28922
435000 2295.06 6.61957 -4.29138
436000 2288.79 6.61982 -4.29667
437000 2282.45 6.62125 -4.29622
438000 2288.79 6.61849 -4.29586
439000 2274.15 6.62273 -4.2934
440000 2277.93 6.62834 -4.28882
441000 2271.74 6.62959 -4.28092
442000 2270.99 6.62413 -4.28912
443000 2276.83 6.62531 -4.29245
444000 2279.15 6.63368 -4.29101
445000 2273.47 6.62467 -4.29794
446000 2274.87 6.62301 -4.29897
447000 2278.47 6.62894 -4.2923
448000 2280.93 6.61795 -4.29229
449000 2260.6 6.62602 -4.29595
450000 2270.66 6.6302 -4.29734
451000 2273.98 6.6355 -4.29002
452000 2268.88 6.62618 -4.30577
453000 2267.32 6.62424 -4.30296
454000 2263.37 6.6278 -4.30595
455000 2264.6 6.62826 -4.29979
456000 2269.38 6.6387 -4.2912
457000 2263.52 6.63494 -4.28488
458000 2255.74 6.63722 -4.29209
459000 2273.18 6.6362 -4.28812
460000 2261.98 6.62683 -4.29863
461000 2253.57 6.63193 -4.29927
462000 2253.74 6.63131 -4.3149
463000 2249.72 6.63504 -4.30612
464000 2257.82 6.62604 -4.31195
465000 2253.35 6.63475 -4.30384
466000 2255.76 6.63321 -4.29706
467000 2245.36 6.63673 -4.30092
468000 2245.14 6.63492 -4.30926
469000 2248.76 6.64155 -4.29558
470000 2258.06 6.64215 -4.29942
471000 2252.27 6.64164 -4.29823
472000 2253.61 6.63375 -4.30703
473000 2244.38 6.64514 -4.30745
474000 2241.99 6.64254 -4.29841
475000 2247.39 6.64256 -4.30256
476000 2256.12 6.64661 -4.30198
477000 2242.7 6.64629 -4.29508
478000 2239.33 6.63698 -4.30412
479000 2217.35 6.63601 -4.31593
480000 2237.91 6.63162 -4.31329
481000 2226.47 6.64312 -4.30795
482000 2240.73 6.64131 -4.31474
483000 2233.93 6.64627 -4.30529
484000 2235.54 6.64134 -4.30856
485000 2230.28 6.64365 -4.30526
486000 2236.46 6.64371 -4.30557
487000 2230.18 6.64127 -4.31007
488000 2234.76 6.64228 -4.30274
489000 2227.67 6.6491 -4.30499
490000 2237.23 6.63916 -4.31009
491000 2224.12 6.64345 -4.31036
492000 2217.66 6.65081 -4.31071
493000 2221.5 6.64845 -4.3053
494000 2220.14 6.65466 -4.30747
495000 2222.62 6.64733 -4.31203
496000 2215.58 6.63794 -4.32429
497000 2217.86 6.64358 -4.31811
498000 2238.83 6.64784 -4.30609
499000 2236.53 6.64854 -4.312
500000 2220.53 6.64697 -4.31063
501000 2224.58 6.65424 -4.30772
502000 2214.03 6.65231 -4.31353
503000 2232.53 6.65203 -4.31327
504000 2224.58 6.66374 -4.3004
505000 2215.15 6.64689 -4.3202
506000 2232.92 6.64726 -4.32309
507000 2214.52 6.65283 -4.31813
508000 2204.11 6.64499 -4.33034
509000 2215.48 6.65514 -4.3145
510000 2214.11 6.65448 -4.31589
511000 2194.06 6.65677 -4.3123
512000 2214.43 6.65164 -4.31043
513000 2203.92 6.66223 -4.31052
514000 2212.81 6.65512 -4.31236
515000 2197.59 6.65407 -4.31799
516000 2197.66 6.65804 -4.32619
517000 2200.07 6.65335 -4.32385
518000 2213.12 6.65937 -4.31275
519000 2195.38 6.65602 -4.32016
520000 2201.81 6.65286 -4.32947
521000 2205.62 6.65097 -4.32412
522000 2192.31 6.65775 -4.32226
523000 2190.33 6.66429 -4.32066
524000 2198.81 6.65606 -4.32132
525000 2188.08 6.66791 -4.31678
526000 2191.72 6.66244 -4.3166
527000 2183.8 6.66544 -4.31877
528000 2203.29 6.66075 -4.3196
529000 2185.71 6.66293 -4.31991
530000 2182.1 6.66785 -4.32144
531000 2180.8 6.66859 -4.31562
532000 2185.51 6.65755 -4.32977
533000 2189.78 6.65616 -4.33143
534000 2195.63 6.65937 -4.32106
535000 2185.96 6.66441 -4.31807
536000 2185.96 6.66417 -4.32545
537000 2181.25 6.66826 -4.32106
538000 2183.05 6.66956 -4.32298
539000 2178.17 6.66968 -4.32992
540000 2186.04 6.65903 -4.33352
541000 2182.77 6.66554 -4.32636
542000 2177.58 6.67117 -4.31601
543000 2177.74 6.66933 -4.31637
544000 2176.48 6.6621 -4.32991
545000 2172.16 6.66577 -4.33995
546000 2177.64 6.66665 -4.32739
547000 2175.11 6.66019 -4.33449
548000 2174.11 6.66839 -4.33394
549000 2166.94 6.67649 -4.32797
550000 2168.94 6.67244 -4.32469
551000 2155.46 6.66803 -4.33841
552000 2171.82 6.66259 -4.34154
553000 2164.41 6.66489 -4.34579
554000 2173.64 6.66597 -4.33466
555000 2162.24 6.67767 -4.33429
556000 2167.43 6.66928 -4.33843
557000 2148.69 6.66813 -4.34705
558000 2154.03 6.66952 -4.33633
559000 2162.78 6.67479 -4.33525
560000 2165.52 6.67479 -4.33292
561000 2157.94 6.6754 -4.33431
562000 2161.13 6.68092 -4.3245
563000 2155.9 6.67827 -4.32368
564000 2158.53 6.67248 -4.33727
565000 2155.96 6.67501 -4.34059
566000 2163.63 6.66945 -4.34377
567000 2153.69 6.6759 -4.33552
568000 2166.4 6.68269 -4.33139
569000 2154.34 6.67456 -4.34112
570000 2138.87 6.6732 -4.34322
571000 2151.73 6.68022 -4.33578
572000 2150.7 6.67964 -4.33493
573000 2146.04 6.68603 -4.32871
574000 2148.1 6.67959 -4.33619
575000 2140.3 6.68261 -4.33575
576000 2142.49 6.687 -4.33144
577000 2142.86 6.67961 -4.348
578000 2133.19 6.68364 -4.34342
579000 2150.03 6.6758 -4.33998
580000 2148.98 6.68052 -4.34587
581000 2138.76 6.68019 -4.34775
582000 2129.04 6.68698 -4.3407
583000 2155.26 6.67797 -4.34523
584000 2129.79 6.67923 -4.34694
585000 2136.09 6.68137 -4.34631
586000 2127.43 6.68466 -4.34294
587000 2142.97 6.68335 -4.34851
588000 2128.46 6.68372 -4.34715
589000 2130.86 6.68152 -4.35049
590000 2133.31 6.68788 -4.34409
591000 2136.77 6.68739 -4.34155
592000 2126.1 6.68561 -4.34747
593000 2129.95 6.68459 -4.35446
594000 2131.68 6.68612 -4.3482
595000 2133.2 6.6868 -4.34703
596000 2141.11 6.68546 -4.34841
597000 2110.41 6.68519 -4.35575
598000 2130.07 6.68354 -4.35131
599000 2123.43 6.68996 -4.34766
600000 2119.02 6.68675 -4.36053
601000 2118.81 6.69148 -4.34936
602000 2120.18 6.69073 -4.34835
603000 2115.87 6.69586 -4.34304
604000 2111.48 6.69018 -4.35287
605000 2104.23 6.68934 -4.35622
606000 2112.3 6.68999 -4.35625
607000 2119.22 6.69588 -4.34884
608000 2125.38 6.69199 -4.34968
609000 2118.58 6.69298 -4.35722
610000 2111.11 6.69665 -4.3495
611000 2103.01 6.69949 -4.34897
612000 2110.41 6.69129 -4.35502
613000 2113.51 6.69095 -4.3617
614000 2090.16 6.69106 -4.37005
615000 2101.93 6.69619 -4.35584
616000 2111.51 6.69391 -4.35404
617000 2098.91 6.69926 -4.35456
618000 2107.46 6.69006 -4.36524
619000 2097.73 6.69251 -4.36663
620000 2101.5 6.69236 -4.36821
621000 2102.45 6.69937 -4.35411
622000 2104.04 6.70564 -4.34754
623000 2081.16 6.69655 -4.36714
624000 2101.51 6.69973 -4.36074
625000 2101.05 6.703 -4.35586
626000 2100.17 6.70058 -4.36228
627000 2090.35 6.69721 -4.36334
628000 2086.87 6.69496 -4.36497
629000 2081.34 6.70208 -4.36506
630000 2091.14 6.7067 -4.36378
631000 2095.33 6.70768 -4.35809
632000 2097.85 6.70341 -4.3569
633000 2091.32 6.70758 -4.35896
634000 2089.55 6.70917 -4.35553
635000 2085.25 6.70755 -4.3625
636000 2082.45 6.70109 -4.3714
637000 2082.27 6.70297 -4.35936
638000 2083.81 6.70818 -4.35859
639000 2081 6.70673 -4.36758
640000 2081.88 6.70786 -4.36332
641000 2082.74 6.70394 -4.35884
642000 2080.1 6.70288 -4.36735
643000 2084.54 6.69973 -4.36231
644000 2069.44 6.70739 -4.36666
645000 2074.34 6.7019 -4.36648
646000 2062.22 6.70614 -4.37105
647000 2069.7 6.70452 -4.3728
648000 2080.42 6.707 -4.36953
649000 2066.4 6.71426 -4.36279
650000 2068.09 6.71261 -4.36135
651000 2063.52 6.71126 -4.3681
652000 2071.8 6.70727 -4.37519
653000 2056.42 6.71615 -4.36647
654000 2068.7 6.71037 -4.36412
655000 2062.05 6.71216 -4.37521
656000 2060.94 6.70983 -4.3717
657000 2053.3 6.71166 -4.37064
658000 2057.68 6.71091 -4.36672
659000 2070.4 6.70986 -4.36875
660000 2065.69 6.71418 -4.36689
661000 2056.77 6.71112 -4.3692
662000 2049.89 6.71971 -4.36742
663000 2055.99 6.71157 -4.37107
664000 2057.81 6.71511 -4.37072
665000 2062 6.71764 -4.37329
666000 2052.67 6.71287 -4.37575
667000 2046.33 6.71728 -4.38017
668000 2068.34 6.71825 -4.36887
669000 2053.38 6.72148 -4.36788
670000 2057.79 6.71883 -4.37297
671000 2049.29 6.71368 -4.38232
672000 2055.83 6.71424 -4.37175
673000 2047.57 6.72156 -4.37035
674000 2039.91 6.72104 -4.37968
675000 2046.7 6.7236 -4.37536
676000 2042.07 6.7193 -4.37683
677000 2042.64 6.72617 -4.37268
678000 2051.59 6.72125 -4.37287
679000 2041.67 6.71806 -4.38439
680000 2048 6.71814 -4.38296
681000 2035.6 6.71978 -4.38536
682000 2035.51 6.71759 -4.38965
683000 2041.02 6.72225 -4.37963
684000 2034.94 6.71993 -4.37899
685000 2040.57 6.72677 -4.37571
686000 2031.44 6.72423 -4.38602
687000 2035.38 6.72826 -4.37285
688000 2034.44 6.73651 -4.37109
689000 2029.62 6.72269 -4.38096
690000 2035.3 6.72227 -4.38712
691000 2029.7 6.72728 -4.38572
692000 2031.56 6.73175 -4.37231
693000 2027 6.73191 -4.37503
694000 2019.32 6.73038 -4.38303
695000 2031.9 6.7248 -4.39087
696000 2024.77 6.7343 -4.38064
697000 2019.74 6.72373 -4.39203
698000 2019.65 6.72509 -4.39267
699000 2021.76 6.72593 -4.39148
700000 2012.54 6.72498 -4.3902
701000 2023.73 6.73478 -4.37976
702000 2019.73 6.72886 -4.39085
703000 2024.65 6.72449 -4.38471
704000 2014.21 6.72961 -4.39039
705000 2012.35 6.7263 -4.39115
706000 2007.86 6.73414 -4.39207
707000 2016.8 6.73021 -4.3844
708000 2011.19 6.73141 -4.39248
709000 2006.63 6.73273 -4.392
710000 2017.09 6.74214 -4.38521
711000 2010.35 6.73218 -4.39494
712000 2001.57 6.72809 -4.40932
713000 2009.28 6.73912 -4.38517
714000 2009.35 6.73743 -4.39185
715000 2001.64 6.73487 -4.39753
716000 2009.63 6.73717 -4.39138
717000 1995.7 6.7411 -4.38321
718000 2011.83 6.73724 -4.38812
719000 1998.82 6.73822 -4.39443
720000 1998.37 6.73156 -4.40131
721000 1998.98 6.73477 -4.3958
722000 2001.27 6.73716 -4.39208
723000 2001.7 6.74753 -4.38113
724000 1997.45 6.7446 -4.39103
725000 1989.78 6.73541 -4.40203
726000 1987.08 6.74205 -4.40289
727000 1994.34 6.73853 -4.39587
728000 1990.78 6.74611 -4.39652
729000 1995.63 6.74552 -4.39592
730000 1994.45 6.74466 -4.39753
731000 1992.46 6.75086 -4.39358
732000 1995.22 6.74486 -4.39923
733000 1976.68 6.73191 -4.42189
734000 1983.49 6.74391 -4.39915
735000 1998.87 6.74739 -4.38975
736000 1984.57 6.74259 -4.40177
737000 1990.15 6.74554 -4.40195
738000 1978.48 6.74788 -4.40507
739000 1988.42 6.74967 -4.39529
740000 1972.17 6.75393 -4.38881
741000 1973.9 6.74574 -4.40228
742000 1975.57 6.74996 -4.4044
743000 1982.59 6.7458 -4.40557
744000 1975.89 6.7516 -4.39426
745000 1969.29 6.76003 -4.39143
746000 1970.72 6.74824 -4.40399
747000 1968.47 6.7497 -4.40532
748000 1973.63 6.74869 -4.40494
749000 1975.29 6.75681 -4.40212
750000 1958.2 6.7527 -4.41205
751000 1972.26 6.74471 -4.41107
752000 1965.3 6.74873 -4.41676
753000 1965.54 6.75734 -4.39315
754000 1969.07 6.75048 -4.41679
755000 1966.29 6.74958 -4.41422
756000 1973.19 6.75462 -4.3973
757000 1954.79 6.75292 -4.4078
758000 1954.36 6.75236 -4.4087
759000 1963.21 6.75395 -4.40477
760000 1960.98 6.75539 -4.40335
761000 1950.5 6.75678 -4.4038
762000 1966.45 6.76095 -4.3992
763000 1961.18 6.76151 -4.39606
764000 1949.43 6.75295 -4.4193
765000 1953.5 6.75328 -4.41742
766000 1971.38 6.75546 -4.40745
767000 1945.3 6.75659 -4.42121
768000 1953.34 6.75874 -4.40483
769000 1954.82 6.75614 -4.42149
770000 1945.2 6.75519 -4.41643
771000 1944.62 6.76134 -4.40643
772000 1951.41 6.75701 -4.41043
773000 1950.99 6.75936 -4.41545
774000 1933.31 6.75748 -4.42212
775000 1953 6.76363 -4.40839
776000 1944.82 6.76498 -4.41337
777000 1930.03 6.75822 -4.41865
778000 1953.4 6.75938 -4.41686
779000 1942.55 6.76967 -4.40881
780000 1948.11 6.75472 -4.41714
781000 1941.59 6.76591 -4.4138
782000 1933.46 6.76143 -4.41551
783000 1935.66 6.76086 -4.42457
784000 1939.2 6.7614 -4.41188
785000 1931.86 6.76609 -4.41791
786000 1940.06 6.75795 -4.42528
787000 1937.42 6.76317 -4.41593
788000 1926.16 6.76103 -4.43027
789000 1932.31 6.76448 -4.4255
790000 1927.06 6.76844 -4.41432
791000 1927.14 6.7607 -4.4303
792000 1929.83 6.77161 -4.41974
793000 1924.83 6.77714 -4.41037
794000 1928.77 6.76137 -4.42779
795000 1916.17 6.76968 -4.42029
796000 1924.66 6.77137 -4.42016
797000 1924.68 6.76792 -4.42638
798000 1924.43 6.77501 -4.41579
799000 1922.09 6.77386 -4.41448
800000 1920.35 6.76965 -4.42189
801000 1920.16 6.77704 -4.42145
802000 1917.16 6.77733 -4.41249
803000 1919.98 6.76935 -4.42867
804000 1913.43 6.76244 -4.43584
805000 1913.03 6.77495 -4.41998
806000 1918.57 6.77303 -4.42565
807000 1924.8 6.77019 -4.43088
808000 1913.02 6.77264 -4.42906
809000 1911.41 6.77286 -4.4201
810000 1910.49 6.77947 -4.42386
811000 1903.51 6.77407 -4.42395
812000 1904.48 6.77814 -4.4285
813000 1903.99 6.77543 -4.43187
814000 1907.29 6.78083 -4.4207
815000 1902.46 6.77352 -4.43353
816000 1898.09 6.78103 -4.42798
817000 1900.03 6.78142 -4.42176
818000 1909.79 6.77928 -4.42901
819000 1905.19 6.77765 -4.42983
820000 1904.87 6.78014 -4.42617
821000 1893.4 6.77996 -4.43302
822000 1906.15 6.77608 -4.43781
823000 1898.68 6.78389 -4.42985
824000 1889.71 6.7848 -4.43147
825000 1884.52 6.7824 -4.43905
826000 1898.72 6.78285 -4.43039
827000 1883.6 6.78727 -4.42318
828000 1892.47 6.7867 -4.42593
829000 1891.89 6.78146 -4.43689
830000 1884.52 6.7789 -4.44022
831000 1886.81 6.79075 -4.42503
832000 1892.31 6.78401 -4.43288
833000 1879.75 6.78404 -4.43488
834000 1883.04 6.7848 -4.43661
835000 1894.71 6.78978 -4.43085
836000 1884.62 6.79119 -4.43719
837000 1888.89 6.78698 -4.43849
838000 1888.14 6.78739 -4.43807
839000 1880.55 6.78505 -4.43485
840000 1881.24 6.79005 -4.4345
841000 1885.92 6.78257 -4.4422
842000 1877.4 6.78981 -4.43667
843000 1873.2 6.79572 -4.43291
844000 1871.51 6.78104 -4.4505
845000 1884 6.78525 -4.43977
846000 1871.57 6.79073 -4.43574
847000 1872.49 6.80055 -4.43512
848000 1869.01 6.78854 -4.44301
849000 1872.53 6.7885 -4.447
850000 1872.29 6.79203 -4.44203
851000 1866.29 6.79264 -4.44863
852000 1877.05 6.78998 -4.44492
853000 1864.67 6.79451 -4.4377
854000 1867.24 6.78981 -4.4449
855000 1863.89 6.78922 -4.44957
856000 1871.33 6.79198 -4.45002
857000 1873.7 6.79861 -4.43062
858000 1856.74 6.79115 -4.44797
859000 1851.63 6.79737 -4.44565
860000 1863.97 6.7984 -4.43955
861000 1852.54 6.79663 -4.44284
862000 1852.23 6.78948 -4.45354
863000 1858.18 6.79665 -4.44751
864000 1859.71 6.80337 -4.43736
865000 1847.87 6.7992 -4.45233
866000 1859.9 6.79482 -4.45413
867000 1860.87 6.80541 -4.44451
868000 1857.27 6.79443 -4.45295
869000 1855.6 6.79601 -4.44905
870000 1855.64 6.80465 -4.44324
871000 1843.52 6.79915 -4.45059
872000 1841.42 6.80288 -4.45413
873000 1847.17 6.80254 -4.44801
874000 1852.59 6.80571 -4.4458
875000 1852.78 6.80502 -4.44837
876000 1838.59 6.80354 -4.45588
877000 1851.39 6.79585 -4.46289
878000 1847.13 6.80527 -4.45333
879000 1842 6.81033 -4.44783
880000 1844.8 6.80512 -4.45855
881000 1831.75 6.80594 -4.45592
882000 1839.91 6.81188 -4.45068
883000 1836.18 6.80937 -4.44826
884000 1830.97 6.80704 -4.45234
885000 1836.16 6.80052 -4.46469
886000 1830.31 6.80971 -4.44881
887000 1836.58 6.80514 -4.45671
888000 1820.17 6.80357 -4.46345
889000 1830.75 6.80674 -4.45756
890000 1832.86 6.80371 -4.45661
891000 1825.29 6.80872 -4.45266
892000 1827.57 6.80347 -4.4667
893000 1829.37 6.81166 -4.45554
894000 1831.26 6.81512 -4.45191
895000 1829.38 6.80452 -4.45871
896000 1824.32 6.80544 -4.46572
897000 1829.15 6.80679 -4.4588
898000 1827.8 6.81285 -4.45927
899000 1824.36 6.81449 -4.45579
900000 1825.3 6.81297 -4.46108
901000 1814.78 6.81218 -4.4621
902000 1822.43 6.81332 -4.45926
903000 1829.75 6.81354 -4.45646
904000 1810.38 6.81182 -4.46581
905000 1815.53 6.80759 -4.46911
906000 1820.77 6.81521 -4.46371
907000 1817.56 6.81452 -4.45784
908000 1813.42 6.8172 -4.46496
909000 1807.45 6.81337 -4.46601
910000 1821.06 6.81752 -4.45675
911000 1796.07 6.81855 -4.46078
912000 1808.04 6.81155 -4.46939
913000 1803.51 6.82209 -4.45032
914000 1792.95 6.81519 -4.47724
915000 1805.96 6.82199 -4.4573
916000 1802.22 6.82335 -4.46279
917000 1806.42 6.81915 -4.46589
918000 1805.45 6.81507 -4.47074
919000 1805.24 6.82425 -4.45845
920000 1790.31 6.81556 -4.48192
921000 1802.89 6.82455 -4.46224
922000 1783.52 6.82804 -4.46679
923000 1795.26 6.82386 -4.46481
924000 1793.06 6.81373 -4.47927
925000 1795.53 6.82463 -4.46835
926000 1792.75 6.82079 -4.47438
927000 1788.28 6.82591 -4.46231
928000 1789.62 6.81932 -4.47537
929000 1805.43 6.82699 -4.45891
930000 1781.96 6.82351 -4.47405
931000 1795.18 6.83036 -4.46366
932000 1776.09 6.82709 -4.47722
933000 1793.08 6.82173 -4.47753
934000 1790.21 6.82677 -4.47457
935000 1788.4 6.82934 -4.46967
936000 1787.68 6.83196 -4.47126
937000 1782.71 6.82421 -4.48371
938000 1781.14 6.8329 -4.46957
939000 1779.05 6.82974 -4.47157
940000 1772.59 6.82194 -4.48101
941000 1777.98 6.83027 -4.47219
942000 1774.41 6.82991 -4.47639
943000 1784.34 6.8249 -4.47516
944000 1786.29 6.82415 -4.47601
945000 1782.36 6.82527 -4.48036
946000 1766.8 6.83616 -4.47444
947000 1778.64 6.82834 -4.48165
948000 1774.56 6.83802 -4.46982
949000 1773.75 6.82521 -4.48797
950000 1765.74 6.83291 -4.47859
951000 1768.47 6.82876 -4.48018
952000 1767.33 6.8406 -4.47407
953000 1764.83 6.8374 -4.48013
954000 1764.56 6.83322 -4.48059
955000 1765.58 6.83276 -4.48736
956000 1759.18 6.82843 -4.48515
957000 1769.53 6.84487 -4.46727
958000 1760.32 6.83417 -4.48319
959000 1761.08 6.83782 -4.4821
960000 1762.49 6.83878 -4.48056
961000 1758.98 6.83214 -4.48962
962000 1759.94 6.8405 -4.47649
963000 1758.71 6.84206 -4.481
964000 1761.05 6.83301 -4.49209
965000 1757.45 6.84598 -4.47089
966000 1736.9 6.83753 -4.49391
967000 1740.97 6.84411 -4.48234
968000 1749.03 6.84331 -4.48735
969000 1751.69 6.83457 -4.49315
970000 1746.84 6.84268 -4.48878
971000 1755.45 6.83598 -4.49435
972000 1747.12 6.84586 -4.48242
973000 1752.98 6.84502 -4.48303
974000 1735.82 6.84105 -4.49401
975000 1748.39 6.84252 -4.48874
976000 1748.21 6.84056 -4.49509
977000 1753.7 6.84919 -4.47945
978000 1745.13 6.84222 -4.49312
979000 1742.35 6.8463 -4.48142
980000 1738.72 6.84582 -4.48839
981000 1740 6.84454 -4.49492
982000 1737.71 6.8475 -4.4884
983000 1727.72 6.84996 -4.48656
984000 1741.4 6.84431 -4.49272
985000 1732.41 6.8505 -4.49297
986000 1732.58 6.84163 -4.49472
987000 1742.94 6.85159 -4.48604
988000 1725.25 6.84511 -4.50353
989000 1732.08 6.84874 -4.49643
990000 1728.76 6.85021 -4.4907
991000 1722 6.85097 -4.49271
992000 1723.67 6.84975 -4.49233
993000 1732.88 6.84362 -4.50289
994000 1728.16 6.85491 -4.49116
995000 1726.44 6.85061 -4.49645
996000 1718.37 6.85345 -4.49812
997000 1722.22 6.85108 -4.50284
998000 1720.8 6.85269 -4.49689
999000 1717.38 6.84857 -4.50501
1000000 1726.63 6.85274 -4.49931
1001000 1717.61 6.8542 -4.50316
1002000 1725.76 6.85034 -4.50121
1003000 1722.38 6.86024 -4.49209
1004000 1708.29 6.85667 -4.50422
1005000 1710.02 6.85313 -4.50115
1006000 1715.06 6.85154 -4.50496
1007000 1721.02 6.86388 -4.49142
1008000 1721.38 6.85498 -4.51222
1009000 1720.71 6.86107 -4.49685
1010000 1701.15 6.85858 -4.50457
1011000 1708.24 6.85656 -4.49897
1012000 1713.08 6.85331 -4.50994
1013000 1712.2 6.85884 -4.49856
1014000 1699.83 6.85824 -4.50061
1015000 1710.95 6.86021 -4.49687
1016000 1694.44 6.85468 -4.51155
1017000 1717.07 6.85962 -4.49458
1018000 1699.51 6.86203 -4.50615
1019000 1710.87 6.85485 -4.50785
1020000 1699.83 6.86393 -4.50174
1021000 1697.23 6.85899 -4.50594
1022000 1691.69 6.86496 -4.50612
1023000 1698.84 6.86832 -4.49574
1024000 1693.5 6.85747 -4.51256
1025000 1689.78 6.86534 -4.51033
1026000 1707.82 6.86629 -4.50113
1027000 1685.36 6.86243 -4.51388
1028000 1694.19 6.87014 -4.49786
1029000 1690.77 6.86542 -4.51345
1030000 1676.27 6.86618 -4.51161
1031000 1684.09 6.86486 -4.51135
1032000 1689.88 6.8715 -4.50169
1033000 1684.97 6.867 -4.50863
1034000 1684.89 6.86881 -4.5115
1035000 1681.35 6.87255 -4.50594
1036000 1673.93 6.8678 -4.51419
1037000 1680.78 6.86962 -4.5179
1038000 1683.05 6.87322 -4.50419
1039000 1674.68 6.86404 -4.51505
1040000 1676.34 6.87209 -4.5111
1041000 1680.14 6.86961 -4.51354
1042000 1691.62 6.87691 -4.50398
1043000 1668.16 6.8644 -4.52565
1044000 1676.81 6.86969 -4.5121
1045000 1675.85 6.86689 -4.51149
1046000 1673.5 6.87343 -4.51509
1047000 1676.17 6.8799 -4.51138
1048000 1666.57 6.87112 -4.52077
1049000 1670.91 6.87504 -4.51174
1050000 1674.71 6.87536 -4.5187
1051000 1685.05 6.88137 -4.51229
1052000 1668.02 6.86808 -4.5303
1053000 1655.91 6.87818 -4.51809
1054000 1666.65 6.87501 -4.51684
1055000 1660.55 6.87692 -4.51805
1056000 1666.63 6.87699 -4.51616
1057000 1654.57 6.87899 -4.52062
1058000 1663.81 6.87235 -4.52575
1059000 1658.7 6.87806 -4.52145
1060000 1669.07 6.87727 -4.51981
1061000 1663.57 6.87887 -4.52313
1062000 1655.94 6.87723 -4.52329
1063000 1657.17 6.87855 -4.52842
1064000 1655.23 6.87887 -4.52204
1065000 1657.5 6.87881 -4.52538
1066000 1645.81 6.8811 -4.52827
1067000 1659.62 6.88321 -4.51991
1068000 1656.82 6.87959 -4.52968
1069000 1656.64 6.88324 -4.52457
1070000 1655.12 6.88643 -4.51917
1071000 1647.71 6.88448 -4.52778
1072000 1651.16 6.87871 -4.52944
1073000 1644.91 6.89089 -4.51976
1074000 1651.23 6.87852 -4.53163
1075000 1646.61 6.88634 -4.52423
1076000 1637.75 6.88559 -4.52836
1077000 1642.7 6.88998 -4.51873
1078000 1628.33 6.88544 -4.53377
1079000 1638.13 6.8866 -4.52436
1080000 1643.4 6.88987 -4.53093
1081000 1640.45 6.88582 -4.53346
1082000 1635.76 6.89322 -4.52401
1083000 1634.24 6.88948 -4.52917
1084000 1646.48 6.88492 -4.52904
1085000 1629.08 6.88738 -4.52899
1086000 1638.38 6.88845 -4.52956
1087000 1624.64 6.8942 -4.5286
1088000 1632.31 6.89166 -4.53149
1089000 1631.57 6.89372 -4.52982
1090000 1631.52 6.89152 -4.53042
1091000 1618.8 6.88885 -4.53861
1092000 1630.05 6.89138 -4.533
1093000 1626.33 6.89484 -4.5341
1094000 1617.66 6.89084 -4.53265
1095000 1624.89 6.89 -4.53912
1096000 1624.03 6.89505 -4.52887
1097000 1630.14 6.89458 -4.53546
1098000 1611.99 6.89371 -4.53652
1099000 1614.21 6.89403 -4.53393
1100000 1620.21 6.89779 -4.52998
1101000 1621.5 6.89384 -4.54142
1102000 1623.52 6.89264 -4.54197
1103000 1620.9 6.89871 -4.53079
1104000 1615.08 6.8944 -4.543
1105000 1619.52 6.89719 -4.53348
1106000 1607.03 6.89645 -4.54514
1107000 1621.64 6.89688 -4.54241
1108000 1614.95 6.89992 -4.53425
1109000 1601.84 6.90147 -4.53559
1110000 1615.41 6.89954 -4.53442
1111000 1601.41 6.89672 -4.54218
1112000 1591.03 6.89934 -4.54287
1113000 1603.92 6.90208 -4.53785
1114000 1606.55 6.89774 -4.5403
1115000 1606.09 6.90197 -4.54248
1116000 1602.51 6.90572 -4.54069
1117000 1600.78 6.89827 -4.54946
1118000 1601.94 6.90452 -4.54015
1119000 1600.27 6.90118 -4.54959
1120000 1604.38 6.90667 -4.53691
1121000 1596.44 6.89847 -4.54904
1122000 1605.93 6.90683 -4.53898
1123000 1602.5 6.90277 -4.54508
1124000 1595.55 6.90671 -4.54463
1125000 1594.99 6.90377 -4.54292
1126000 1598.49 6.90554 -4.54574
1127000 1596.16 6.90669 -4.53963
1128000 1599.97 6.9043 -4.54267
1129000 1587.1 6.90102 -4.55339
1130000 1592.65 6.90778 -4.54419
1131000 1584.25 6.9089 -4.54605
1132000 1589.02 6.909 -4.54497
1133000 1581.25 6.90332 -4.56007
1134000 1582.44 6.91779 -4.54011
1135000 1588.61 6.90275 -4.55529
1136000 1581.79 6.91224 -4.54722
1137000 1577.89 6.91055 -4.5476
1138000 1576.77 6.90872 -4.55184
1139000 1591.57 6.91224 -4.54693
1140000 1580.07 6.91236 -4.54885
1141000 1571.06 6.90859 -4.5524
1142000 1583.08 6.91682 -4.5394
1143000 1572.1 6.90676 -4.56222
1144000 1587.76 6.91287 -4.54755
1145000 1582.79 6.91482 -4.55331
1146000 1572.11 6.91519 -4.55358
1147000 1579.18 6.91007 -4.55492
1148000 1568.49 6.9139 -4.55585
1149000 1567 6.91932 -4.55103
1150000 1567.43 6.90876 -4.56678
1151000 1568.53 6.9258 -4.54648
1152000 1562.3 6.91195 -4.56368
1153000 1577.13 6.9184 -4.55548
1154000 1565.85 6.91675 -4.56062
1155000 1567.53 6.9196 -4.55487
1156000 1559.19 6.9162 -4.56032
1157000 1567.4 6.91776 -4.56128
1158000 1556.92 6.91996 -4.55435
1159000 1569.84 6.91919 -4.55927
1160000 1562.51 6.91491 -4.57085
1161000 1562.84 6.9251 -4.55773
1162000 1565.21 6.92286 -4.55517
1163000 1556.87 6.91689 -4.57078
1164000 1566.6 6.92664 -4.55485
1165000 1548.04 6.92037 -4.5708
1166000 1549.46 6.92663 -4.55858
1167000 1554.99 6.92458 -4.55881
1168000 1543.52 6.92411 -4.56352
1169000 1552.4 6.92909 -4.55844
1170000 1543.53 6.92375 -4.56681
1171000 1547.51 6.92735 -4.56214
1172000 1547.94 6.92547 -4.56274
1173000 1547.43 6.92834 -4.56775
1174000 1549.66 6.92829 -4.56463
1175000 1542.14 6.92445 -4.57197
1176000 1552.96 6.9297 -4.56038
1177000 1541.02 6.92418 -4.57311
1178000 1549.1 6.9252 -4.5688
1179000 1541.15 6.92605 -4.57237
1180000 1542.59 6.92867 -4.56663
1181000 1548.43 6.92564 -4.57045
1182000 1535.37 6.92861 -4.56969
1183000 1540.97 6.93213 -4.56681
1184000 1531.21 6.93045 -4.57457
1185000 1532.92 6.93482 -4.56803
1186000 1535.55 6.93223 -4.56689
1187000 1536.44 6.9315 -4.57378
1188000 1530.32 6.93381 -4.56627
1189000 1528.5 6.93195 -4.57466
1190000 1525.76 6.93821 -4.56607
1191000 1528.83 6.92959 -4.57564
1192000 1524.35 6.9362 -4.57179
1193000 1533 6.93794 -4.56823
1194000 1530.12 6.93397 -4.57605
1195000 1529.21 6.93617 -4.57645
1196000 1528.83 6.94279 -4.56506
1197000 1523.45 6.92967 -4.58283
1198000 1513.41 6.94232 -4.57056
1199000 1535.13 6.93066 -4.58004
1200000 1526.12 6.94482 -4.56435
1201000 1526.24 6.93285 -4.58403
1202000 1517.67 6.94273 -4.56968
1203000 1522.21 6.93494 -4.58119
1204000 1512.43 6.94314 -4.57014
1205000 1522.29 6.93859 -4.57553
1206000 1514.92 6.93407 -4.58565
1207000 1515.35 6.94313 -4.57303
1208000 1512.49 6.93816 -4.58258
1209000 1522.76 6.9428 -4.57085
1210000 1503.55 6.93801 -4.58228
1211000 1518.26 6.94133 -4.57058
1212000 1507.38 6.93966 -4.58644
1213000 1506.51 6.94539 -4.57538
1214000 1509.56 6.94352 -4.57747
1215000 1507.46 6.94018 -4.59036
1216000 1501.1 6.94405 -4.57842
1217000 1507.97 6.9468 -4.57808
1218000 1501.25 6.94457 -4.5873
1219000 1499.25 6.9473 -4.58441
1220000 1504.23 6.94672 -4.57445
1221000 1493.16 6.94949 -4.57837
1222000 1493.23 6.94578 -4.58829
1223000 1494.74 6.94728 -4.58553
1224000 1496.58 6.94841 -4.58586
1225000 1490.22 6.95019 -4.58587
1226000 1497.17 6.95302 -4.57997
1227000 1489.4 6.9458 -4.59616
1228000 1496.69 6.95504 -4.58162
1229000 1486.64 6.94635 -4.58999
1230000 1487.33 6.95301 -4.58602
1231000 1489.65 6.94333 -4.59366
1232000 1488.35 6.94764 -4.59035
1233000 1491.72 6.95012 -4.58413
1234000 1482.45 6.94734 -4.59187
1235000 1477.18 6.95222 -4.59144
1236000 1487.49 6.94761 -4.59698
1237000 1490.58 6.95203 -4.58876
1238000 1489.39 6.95237 -4.58848
1239000 1474.57 6.96268 -4.57475
1240000 1483.38 6.95146 -4.59854
1241000 1498.69 6.95625 -4.58996
1242000 1475.96 6.95537 -4.59518
1243000 1473.91 6.95389 -4.59683
1244000 1471.36 6.96095 -4.58579
1245000 1473.53 6.95412 -4.59656
1246000 1467.49 6.95504 -4.59381
1247000 1464.74 6.95669 -4.59447
1248000 1471.89 6.95919 -4.58895
1249000 1472.45 6.9529 -4.60107
1250000 1467.3 6.96285 -4.59389
1251000 1472.54 6.95747 -4.59472
1252000 1462.46 6.96017 -4.59457
1253000 1462.38 6.96114 -4.59309
1254000 1478.33 6.95661 -4.59482
1255000 1462.85 6.96097 -4.59614
1256000 1464.3 6.96332 -4.5952
1257000 1464.12 6.95544 -4.60473
1258000 1466.1 6.96824 -4.58319
1259000 1449.96 6.96083 -4.59912
1260000 1460.53 6.95867 -4.60222
1261000 1454.12 6.96372 -4.59843
1262000 1456.76 6.95756 -4.6085
1263000 1466.13 6.96733 -4.59147
1264000 1458.06 6.96127 -4.60351
1265000 1464.92 6.95934 -4.59851
1266000 1450.57 6.96943 -4.59468
1267000 1450.86 6.96302 -4.60202
1268000 1447.52 6.96608 -4.60322
1269000 1444.42 6.96745 -4.59559
1270000 1448.73 6.95857 -4.61036
1271000 1449.48 6.96902 -4.60231
1272000 1450.04 6.96926 -4.60209
1273000 1451.43 6.96711 -4.60328
1274000 1445.58 6.96904 -4.60471
1275000 1451.25 6.96896 -4.60385
1276000 1449.01 6.96688 -4.60468
1277000 1440.07 6.96744 -4.60877
1278000 1438.13 6.97105 -4.60825
1279000 1441.82 6.96884 -4.60988
1280000 1441.95 6.97152 -4.60212
1281000 1435.41 6.96709 -4.61483
1282000 1439.53 6.96818 -4.60823
1283000 1435.9 6.97241 -4.61009
1284000 1437.46 6.97677 -4.60281
1285000 1441.91 6.97073 -4.61139
1286000 1425.24 6.97651 -4.61039
1287000 1433.56 6.97128 -4.60997
1288000 1428.96 6.97117 -4.61366
1289000 1425.45 6.97546 -4.61161
1290000 1428.72 6.97857 -4.60579
1291000 1436.13 6.9746 -4.6097
1292000 1432.3 6.97221 -4.61708
1293000 1426.83 6.98236 -4.60376
1294000 1424.12 6.97456 -4.60964
1295000 1420.44 6.97797 -4.60993
1296000 1431.76 6.97395 -4.61166
1297000 1419.52 6.97003 -4.62428
1298000 1420.93 6.978 -4.60921
1299000 1429.1 6.97539 -4.61421
1300000 1421.64 6.97574 -4.61683
1301000 1425.38 6.97819 -4.6138
1302000 1415.32 6.9717 -4.62666
1303000 1416.7 6.98115 -4.61446
1304000 1414.31 6.97966 -4.61635
1305000 1416.05 6.98386 -4.6098
1306000 1414.23 6.98209 -4.61693
1307000 1415.39 6.97753 -4.62267
1308000 1408.88 6.98696 -4.60666
1309000 1409.93 6.98089 -4.61763
1310000 1414.99 6.97495 -4.62584
1311000 1407.88 6.98563 -4.61289
1312000 1416.55 6.98734 -4.61113
1313000 1406.73 6.97952 -4.6221
1314000 1407.71 6.97734 -4.62758
1315000 1400.52 6.98649 -4.61764
1316000 1407.55 6.98363 -4.62214
1317000 1404.87 6.98776 -4.61721
1318000 1405.16 6.98103 -4.62169
1319000 1401.26 6.98184 -4.62577
1320000 1398.9 6.99068 -4.6179
1321000 1406.86 6.98724 -4.61888
1322000 1404.38 6.98773 -4.62427
1323000 1396.27 6.97928 -4.63522
1324000 1396.32 6.99257 -4.61607
1325000 1395.12 6.98432 -4.62674
1326000 1403.12 6.99018 -4.61498
1327000 1395.03 6.99423 -4.61683
1328000 1392.2 6.99352 -4.61562
1329000 1385.4 6.98589 -4.62993
1330000 1384.82 6.99086 -4.62789
1331000 1396.94 6.99001 -4.62647
1332000 1378.14 6.99305 -4.62607
1333000 1386.92 6.9876 -4.6336
1334000 1385.4 6.99801 -4.62035
1335000 1383.13 6.9916 -4.62751
1336000 1381.91 6.9907 -4.62945
1337000 1383.62 6.99319 -4.62546
1338000 1385.3 6.99295 -4.62838
1339000 1380.57 6.99287 -4.63039
1340000 1376.88 6.9985 -4.62549
1341000 1374.42 6.99614 -4.63099
1342000 1378.54 6.98716 -4.64346
1343000 1373.92 6.99558 -4.63087
1344000 1379.57 6.99925 -4.6224
1345000 1368.44 6.99764 -4.6289
1346000 1373.7 6.99761 -4.63403
1347000 1370.68 6.99482 -4.63856
1348000 1370.95 7.00006 -4.6307
1349000 1365.75 6.99826 -4.63776
1350000 1372.42 6.99561 -4.63826
1351000 1367.77 6.99905 -4.63091
1352000 1366.95 6.99819 -4.63805
1353000 1362.14 6.99368 -4.64612
1354000 1370.17 7.00139 -4.63353
1355000 1368.59 7.00435 -4.62506
1356000 1358.25 7.00018 -4.63652
1357000 1370.37 7.0017 -4.63132
1358000 1357.93 7.00503 -4.63419
1359000 1354.78 6.99888 -4.64492
1360000 1366.18 7.00179 -4.63818
1361000 1359.01 7.00399 -4.6372
1362000 1361.12 7.00093 -4.63646
1363000 1349.77 7.00618 -4.63547
1364000 1353.82 7.00567 -4.6371
1365000 1358.07 7.00916 -4.6292
1366000 1354.58 7.00125 -4.64191
1367000 1356.73 7.00341 -4.64423
1368000 1348.01 7.00565 -4.64134
1369000 1348.93 7.0082 -4.63492
1370000 1358.2 7.0032 -4.64337
1371000 1351.5 7.0042 -4.64472
1372000 1346.97 7.01178 -4.63444
1373000 1340.61 7.00943 -4.63837
1374000 1352.93 7.0074 -4.64072
1375000 1354.08 7.00567 -4.6417
1376000 1344.42 7.01022 -4.64065
1377000 1341.77 7.00723 -4.64855
1378000 1341.45 7.00863 -4.64791
1379000 1339.52 7.00976 -4.64701
1380000 1345.24 7.01146 -4.64339
1381000 1330.94 7.01209 -4.64323
1382000 1333.23 7.01106 -4.64653
1383000 1334.19 7.00736 -4.65366
1384000 1336.08 7.00955 -4.65223
1385000 1339.14 7.0127 -4.64423
1386000 1326.58 7.01663 -4.64393
1387000 1328.85 7.01046 -4.65228
1388000 1321.87 7.01794 -4.6424
1389000 1329.89 7.02013 -4.6389
1390000 1324.78 7.0173 -4.64865
1391000 1328.29 7.01943 -4.64138
1392000 1328.3 7.0154 -4.64713
1393000 1335.98 7.01038 -4.65631
1394000 1321.16 7.01558 -4.65414
1395000 1329.95 7.0145 -4.65115
1396000 1320.64 7.01361 -4.65719
1397000 1318.01 7.01986 -4.64699
1398000 1317.13 7.01986 -4.6538
1399000 1319.66 7.01247 -4.65877
1400000 1315.02 7.01438 -4.6597
1401000 1319.36 7.01984 -4.64929
1402000 1327.78 7.01979 -4.65038
1403000 1317.75 7.01744 -4.65604
1404000 1315.11 7.01638 -4.6555
1405000 1310.2 7.02033 -4.65436
1406000 1313.6 7.02227 -4.65283
1407000 1320.34 7.0237 -4.65254
1408000 1318.88 7.01836 -4.65642
1409000 1318.28 7.01737 -4.65931
1410000 1303.12 7.02015 -4.66402
1411000 1315.61 7.01715 -4.66549
1412000 1304.35 7.02021 -4.6656
1413000 1309.37 7.02751 -4.65116
1414000 1311.68 7.02478 -4.65149
1415000 1312.47 7.02656 -4.6537
1416000 1302.55 7.02405 -4.66013
1417000 1302.3 7.0226 -4.65963
1418000 1300.1 7.02896 -4.65516
1419000 1309.9 7.02302 -4.66112
1420000 1292.7 7.0251 -4.66296
1421000 1301.49 7.02441 -4.66461
1422000 1298.79 7.0315 -4.65598
1423000 1301.35 7.03367 -4.64745
1424000 1293.84 7.02885 -4.66022
1425000 1306.97 7.02422 -4.66314
1426000 1291.53 7.02793 -4.66162
1427000 1288.37 7.02958 -4.66409
1428000 1292.84 7.03321 -4.65567
1429000 1283.84 7.02502 -4.67108
1430000 1291.71 7.02451 -4.67293
1431000 1286.49 7.02814 -4.66892
1432000 1293.58 7.03233 -4.6616
1433000 1285.09 7.02972 -4.66509
1434000 1282.85 7.03139 -4.66459
1435000 1290.8 7.03132 -4.66393
1436000 1288.85 7.03658 -4.65781
1437000 1282.7 7.03724 -4.65943
1438000 1277.85 7.03157 -4.6722
1439000 1283.01 7.03372 -4.66943
1440000 1275.59 7.03398 -4.66638
1441000 1274.89 7.03174 -4.67095
1442000 1276.62 7.03292 -4.67295
1443000 1273.87 7.03655 -4.66573
1444000 1286.46 7.03702 -4.66405
1445000 1274.31 7.03973 -4.66431
1446000 1283.03 7.03828 -4.66665
1447000 1268.69 7.03583 -4.67112
1448000 1273.62 7.03583 -4.67451
1449000 1266.38 7.0387 -4.67287
1450000 1275.36 7.03869 -4.66744
1451000 1261.83 7.04009 -4.66782
1452000 1268.77 7.04797 -4.65958
1453000 1269.44 7.03752 -4.67358
1454000 1266.68 7.03697 -4.67737
1455000 1265 7.04002 -4.67437
1456000 1262.46 7.04015 -4.67448
1457000 1265.52 7.04529 -4.66695
1458000 1260.29 7.04662 -4.66319
1459000 1260.62 7.04421 -4.67297
1460000 1252.31 7.04004 -4.67497
1461000 1264.19 7.03869 -4.67977
1462000 1256.87 7.03488 -4.68632
1463000 1263.63 7.03943 -4.68156
1464000 1257.79 7.04414 -4.67428
1465000 1271.8 7.04618 -4.66939
1466000 1256.4 7.0477 -4.67262
1467000 1239.03 7.04392 -4.68024
1468000 1248.92 7.04113 -4.68244
1469000 1253.73 7.04124 -4.68365
1470000 1245.99 7.04247 -4.68293
1471000 1249.16 7.04666 -4.68014
1472000 1250.48 7.04518 -4.68139
1473000 1244.28 7.0472 -4.68112
1474000 1253.53 7.04565 -4.67998
1475000 1247.61 7.04974 -4.68091
1476000 1243.81 7.04994 -4.67513
1477000 1244.35 7.05213 -4.67516
1478000 1247.84 7.04817 -4.68253
1479000 1243.03 7.04604 -4.68926
1480000 1233.93 7.04861 -4.68555
1481000 1246.12 7.04686 -4.68628
1482000 1236.69 7.0467 -4.69098
1483000 1235.45 7.04884 -4.68707
1484000 1237.59 7.05096 -4.68424
1485000 1241.32 7.05284 -4.68136
1486000 1239.42 7.05113 -4.68083
1487000 1229.94 7.05393 -4.68236
1488000 1237.11 7.05376 -4.68037
1489000 1232.31 7.05411 -4.68377
1490000 1227.78 7.05015 -4.69169
1491000 1219.78 7.05021 -4.69443
1492000 1226.7 7.0486 -4.6953
1493000 1227.51 7.05416 -4.69162
1494000 1223.85 7.05449 -4.68696
1495000 1227.19 7.06113 -4.67791
1496000 1225.93 7.05731 -4.68178
1497000 1230.91 7.057 -4.68596
1498000 1222.45 7.05546 -4.68896
1499000 1222.52 7.05594 -4.68977
1500000 1222.54 7.06126 -4.68138
1501000 1223.11 7.05798 -4.68788
1502000 1217.75 7.05813 -4.68693
1503000 1211.15 7.05866 -4.6872
1504000 1226.61 7.05686 -4.68846
1505000 1216.1 7.05557 -4.69574
1506000 1211.29 7.05338 -4.69939
1507000 1205.5 7.0616 -4.68869
1508000 1211.5 7.05818 -4.69299
1509000 1212.96 7.06019 -4.68891
1510000 1214.01 7.05632 -4.69913
1511000 1210.13 7.05723 -4.6979
1512000 1204.26 7.05826 -4.69696
1513000 1207.59 7.06105 -4.69416
1514000 1208.18 7.06575 -4.68524
1515000 1199.29 7.066 -4.693
1516000 1208.37 7.06335 -4.69159
1517000 1202.74 7.06497 -4.6908
1518000 1209.01 7.06614 -4.68776
1519000 1198.22 7.06443 -4.69489
1520000 1196.8 7.0637 -4.69817
1521000 1201.28 7.06518 -4.6942
1522000 1192.74 7.06847 -4.69031
1523000 1198.24 7.07044 -4.68823
1524000 1197.72 7.06697 -4.69255
1525000 1195.14 7.0684 -4.69725
1526000 1198.06 7.06613 -4.69803
1527000 1189.12 7.07047 -4.69539
1528000 1192.82 7.06545 -4.70014
1529000 1191.67 7.06432 -4.70395
1530000 1182.57 7.06354 -4.70397
1531000 1184.7 7.06203 -4.70795
1532000 1186.12 7.06484 -4.70468
1533000 1184.78 7.06398 -4.70656
1534000 1187.85 7.06353 -4.71072
1535000 1188.92 7.06406 -4.70604
1536000 1177.67 7.06814 -4.70582
1537000 1187.59 7.06694 -4.70322
1538000 1179.8 7.0686 -4.70511
1539000 1178.88 7.07032 -4.7015
1540000 1178.79 7.06896 -4.70204
1541000 1175.62 7.07217 -4.70544
1542000 1172.31 7.06932 -4.70525
1543000 1175.59 7.0708 -4.70817
1544000 1177.64 7.07255 -4.7039
1545000 1171.48 7.07796 -4.6941
1546000 1172.88 7.07543 -4.70266
1547000 1175.61 7.07447 -4.70267
1548000 1170.34 7.07629 -4.70142
1549000 1172.82 7.07743 -4.70104
1550000 1172.49 7.07995 -4.70098
1551000 1175.29 7.07617 -4.70121
1552000 1165.31 7.07556 -4.70563
1553000 1166.64 7.07693 -4.70653
1554000 1175.29 7.07687 -4.70357
1555000 1166.81 7.07896 -4.704
1556000 1157.23 7.07676 -4.70895
1557000 1164.85 7.07233 -4.71387
1558000 1156.99 7.07394 -4.71279
1559000 1164.49 7.07893 -4.70928
1560000 1161.08 7.07462 -4.71132
1561000 1160.14 7.07513 -4.71602
1562000 1151.12 7.07794 -4.71288
1563000 1155.04 7.07754 -4.71366
1564000 1157.61 7.07896 -4.71045
1565000 1157.28 7.07824 -4.71321
1566000 1161.7 7.07862 -4.7107
1567000 1151.32 7.07873 -4.71147
1568000 1153.39 7.08688 -4.70338
1569000 1150.49 7.08344 -4.70484
1570000 1153.24 7.08194 -4.71151
1571000 1145.55 7.07838 -4.71365
1572000 1143.59 7.08151 -4.71262
1573000 1149.31 7.08334 -4.71038
1574000 1145.53 7.08076 -4.71644
1575000 1137.76 7.07909 -4.72069
1576000 1136.64 7.0785 -4.72215
1577000 1144.62 7.07932 -4.71962
1578000 1142.86 7.08181 -4.71783
1579000 1140.86 7.08793 -4.71198
1580000 1142.53 7.08327 -4.71293
1581000 1140.12 7.08452 -4.71661
1582000 1138.74 7.08864 -4.70894
1583000 1136.41 7.09054 -4.70496
1584000 1138.44 7.08816 -4.71909
1585000 1139.01 7.08802 -4.71539
1586000 1131.41 7.08985 -4.7146
1587000 1125.22 7.08875 -4.71955
1588000 1131.36 7.08632 -4.71871
1589000 1132.44 7.08979 -4.7174
1590000 1130.25 7.08765 -4.71891
1591000 1137.27 7.08839 -4.71534
1592000 1127.85 7.09165 -4.71929
1593000 1125.39 7.08646 -4.72359
1594000 1128.39 7.08806 -4.72495
1595000 1126.86 7.08674 -4.72104
1596000 1119.6 7.09351 -4.71588
1597000 1128.26 7.09324 -4.71452
1598000 1123.76 7.08852 -4.72425
1599000 1117.92 7.09087 -4.7203
1600000 1120.49 7.09248 -4.71737
1601000 1117.49 7.09217 -4.7222
1602000 1120.06 7.09207 -4.71912
1603000 1118.26 7.09247 -4.72146
1604000 1122.5 7.09237 -4.72037
1605000 1113.11 7.09357 -4.72208
1606000 1118.13 7.08783 -4.73033
1607000 1111.74 7.08827 -4.73285
1608000 1106.85 7.08699 -4.73494
1609000 1109.23 7.09021 -4.73083
1610000 1103.06 7.09101 -4.73229
1611000 1111.82 7.09221 -4.72771
1612000 1105.73 7.08996 -4.73374
1613000 1105.1 7.09282 -4.73038
1614000 1104.98 7.09805 -4.72285
1615000 1104.32 7.09443 -4.73026
1616000 1103.49 7.09469 -4.72955
1617000 1103.13 7.09629 -4.72688
1618000 1105.94 7.09809 -4.72557
1619000 1101.07 7.0988 -4.72298
1620000 1095.52 7.09975 -4.7228
1621000 1096.51 7.09994 -4.72259
1622000 1091.09 7.09887 -4.72917
1623000 1098.29 7.09934 -4.72478
1624000 1096.99 7.09943 -4.7251
1625000 1095.53 7.09739 -4.73316
1626000 1089.89 7.09615 -4.7332
1627000 1094.7 7.09534 -4.7333
1628000 1088.59 7.09332 -4.7424
1629000 1089.13 7.09456 -4.73753
1630000 1087.68 7.09312 -4.74046
1631000 1085.88 7.09379 -4.74224
1632000 1078.75 7.0986 -4.73876
1633000 1090.55 7.10125 -4.73245
1634000 1087.97 7.10445 -4.72908
1635000 1090.25 7.10129 -4.73082
1636000 1079.46 7.10239 -4.73061
1637000 1078.91 7.09731 -4.74081
1638000 1080.38 7.10005 -4.73902
1639000 1078.62 7.10576 -4.73055
1640000 1076.05 7.10657 -4.73527
1641000 1082.97 7.1044 -4.72999
1642000 1077.81 7.10564 -4.73124
1643000 1080.51 7.1098 -4.72658
1644000 1076.24 7.10483 -4.73566
1645000 1069.42 7.10305 -4.74306
1646000 1072.21 7.10022 -4.74573
1647000 1075.44 7.10141 -4.74234
1648000 1073.47 7.10162 -4.74472
1649000 1066.17 7.10363 -4.74325
1650000 1070.83 7.10404 -4.74225
1651000 1067.03 7.1024 -4.74608
1652000 1067.44 7.10397 -4.74123
1653000 1068.68 7.11042 -4.73391
1654000 1067.26 7.10683 -4.73861
1655000 1065.4 7.10855 -4.7394
1656000 1060.61 7.11027 -4.73457
1657000 1067.7 7.10944 -4.73822
1658000 1063.33 7.10853 -4.74093
1659000 1062.46 7.10933 -4.74074
1660000 1059.04 7.1092 -4.73906
1661000 1059.35 7.10836 -4.74308
1662000 1061.05 7.1038 -4.74916
1663000 1052.3 7.10554 -4.75084
1664000 1055.9 7.10669 -4.74839
1665000 1053.71 7.10675 -4.74652
1666000 1059.92 7.1078 -4.74805
1667000 1052.02 7.11 -4.74405
1668000 1050.01 7.11318 -4.73956
1669000 1048.02 7.11571 -4.73779
1670000 1051.83 7.1121 -4.74314
1671000 1047.96 7.11227 -4.74681
1672000 1048.65 7.11135 -4.74739
1673000 1044.6 7.10716 -4.75598
1674000 1042.9 7.11059 -4.75147
1675000 1047.98 7.10947 -4.748
1676000 1042.23 7.1154 -4.74422
1677000 1047.44 7.11496 -4.74193
1678000 1045.84 7.11692 -4.7432
1679000 1042.94 7.11163 -4.74883
1680000 1036.78 7.1111 -4.75196
1681000 1037.24 7.11166 -4.75572
1682000 1029.03 7.11382 -4.75161
1683000 1034.65 7.11588 -4.74697
1684000 1033.72 7.11578 -4.74849
1685000 1041.76 7.11369 -4.75302
1686000 1037.98 7.12264 -4.73746
1687000 1028.53 7.1184 -4.74618
1688000 1036.1 7.11328 -4.75203
1689000 1029.95 7.11505 -4.75514
1690000 1030.21 7.1189 -4.74514
1691000 1031.32 7.11906 -4.74656
1692000 1029.29 7.12072 -4.74918
1693000 1031.68 7.11693 -4.74931
1694000 1023.43 7.11642 -4.75591
1695000 1024.42 7.11489 -4.75737
1696000 1026.61 7.11378 -4.76101
1697000 1023.1 7.11859 -4.75326
1698000 1027.36 7.11901 -4.74929
1699000 1021.29 7.12134 -4.74783
1700000 1023.92 7.11719 -4.75335
1701000 1015.55 7.1191 -4.75502
1702000 1016.9 7.12431 -4.74865
1703000 1016.28 7.12443 -4.75205
1704000 1008.11 7.12294 -4.75404
1705000 1019.24 7.11766 -4.75866
1706000 1010.17 7.11772 -4.7639
1707000 1013.75 7.12225 -4.75265
1708000 1015.48 7.12046 -4.75898
1709000 1009.25 7.12325 -4.75485
1710000 1007.66 7.1195 -4.76249
1711000 1009.33 7.1212 -4.75835
1712000 1005.17 7.12527 -4.75609
1713000 1013.96 7.12546 -4.75317
1714000 1009.81 7.12622 -4.75562
1715000 1005.65 7.12172 -4.76311
1716000 1008.34 7.1231 -4.75949
1717000 999.03 7.12442 -4.76238
1718000 1003.06 7.12249 -4.76189
1719000 1001.03 7.12805 -4.75502
1720000 998.289 7.12385 -4.7628
1721000 1000.5 7.12633 -4.75922
1722000 999.693 7.12507 -4.76141
1723000 996.068 7.12759 -4.7624
1724000 994.151 7.12714 -4.75818
1725000 996.485 7.12552 -4.76363
1726000 1000.58 7.12444 -4.76434
1727000 992.908 7.12734 -4.76291
1728000 991.512 7.12531 -4.76919
1729000 993.966 7.12676 -4.76403
1730000 989.148 7.13168 -4.75634
1731000 987.57 7.12889 -4.76139
1732000 986.471 7.1266 -4.76741
1733000 986.61 7.12654 -4.76494
1734000 989.098 7.13205 -4.76332
1735000 988.767 7.12623 -4.76836
1736000 984.999 7.12746 -4.77142
1737000 982.192 7.1276 -4.76335
1738000 978.243 7.12979 -4.76563
1739000 983.454 7.13034 -4.76298
1740000 978.917 7.12887 -4.76848
1741000 982.485 7.12886 -4.76656
1742000 976.089 7.12893 -4.77092
1743000 976.914 7.13551 -4.76202
1744000 971.938 7.13229 -4.76802
1745000 974.34 7.12983 -4.76913
1746000 969.604 7.13239 -4.76941
1747000 973.015 7.13077 -4.77077
1748000 970.512 7.13625 -4.76595
1749000 975.554 7.13396 -4.769
1750000 967.559 7.13181 -4.77045
1751000 975.735 7.13697 -4.76629
1752000 965.032 7.13419 -4.76999
1753000 968.324 7.12709 -4.77749
1754000 968.866 7.13658 -4.76683
1755000 959.851 7.13709 -4.76914
1756000 962.041 7.13259 -4.776
1757000 965.536 7.13066 -4.77796
1758000 961.301 7.13817 -4.7679
1759000 957.078 7.13537 -4.77586
1760000 957.64 7.13516 -4.77397
1761000 961.908 7.1359 -4.7735
1762000 956.936 7.12999 -4.78347
1763000 962.808 7.13735 -4.77494
1764000 953.23 7.13662 -4.77314
1765000 954.563 7.13672 -4.77474
1766000 952.541 7.13793 -4.77597
1767000 956.076 7.14065 -4.77153
1768000 953.348 7.13738 -4.77768
1769000 949.896 7.14042 -4.77275
1770000 947.013 7.13498 -4.78129
1771000 947.614 7.14138 -4.77357
1772000 950 7.14073 -4.77385
1773000 941.782 7.13809 -4.77978
1774000 951.845 7.13827 -4.77606
1775000 946.925 7.13991 -4.77937
1776000 946.935 7.13827 -4.78068
1777000 944.675 7.14259 -4.77628
1778000 939.878 7.14228 -4.77727
1779000 942.19 7.1366 -4.78706
1780000 942.935 7.1432 -4.77614
1781000 929.995 7.14017 -4.78507
1782000 939.505 7.14462 -4.77739
1783000 943.223 7.14426 -4.77586
1784000 936.753 7.14 -4.78673
1785000 936.994 7.1453 -4.77632
1786000 933.397 7.14283 -4.78192
1787000 934.798 7.14285 -4.78215
1788000 929.032 7.14513 -4.78226
1789000 931.067 7.14496 -4.78056
1790000 930.635 7.14529 -4.78328
1791000 928.876 7.14369 -4.78147
1792000 931.047 7.149 -4.77611
1793000 925.989 7.13959 -4.79017
1794000 926.52 7.14713 -4.77965
1795000 927.888 7.14449 -4.78702
1796000 924.578 7.14983 -4.77718
1797000 918.735 7.1489 -4.78167
1798000 914.515 7.14032 -4.7977
1799000 921.631 7.14917 -4.78022
1800000 918.055 7.14882 -4.78405
1801000 922.123 7.15022 -4.78179
1802000 921.623 7.14271 -4.79247
1803000 918.739 7.15059 -4.78142
1804000 914.343 7.15189 -4.77998
1805000 913.672 7.14727 -4.78763
1806000 910.173 7.1487 -4.78468
1807000 911.017 7.14875 -4.78593
1808000 914.375 7.14723 -4.78673
1809000 910.066 7.147 -4.79173
1810000 908.556 7.15452 -4.77926
1811000 913.001 7.14679 -4.79203
1812000 904.575 7.15197 -4.78445
1813000 908.176 7.15125 -4.78668
1814000 908.626 7.14881 -4.79389
1815000 908.556 7.14816 -4.79298
1816000 904.599 7.15231 -4.7889
1817000 906.66 7.15098 -4.79125
1818000 904.604 7.1519 -4.78779
1819000 896.967 7.14821 -4.79907
1820000 900.962 7.15218 -4.79117
1821000 899.931 7.14962 -4.79442
1822000 896.855 7.15279 -4.79324
1823000 907.387 7.15479 -4.78503
1824000 891.656 7.14853 -4.80222
1825000 889.865 7.15701 -4.78977
1826000 890.232 7.15407 -4.79165
1827000 890.94 7.15659 -4.79162
1828000 896.735 7.15516 -4.79085
1829000 890.298 7.15347 -4.79555
1830000 889.371 7.15574 -4.79213
1831000 888.522 7.15904 -4.78953
1832000 885.298 7.1562 -4.79417
1833000 884.305 7.15366 -4.7962
1834000 886.359 7.15794 -4.79205
1835000 885.373 7.15776 -4.79057
1836000 879.695 7.15525 -4.79851
1837000 884.775 7.15834 -4.79494
1838000 882.36 7.15927 -4.79016
1839000 876.153 7.15559 -4.80114
1840000 882.967 7.15726 -4.79562
1841000 872.043 7.15832 -4.79695
1842000 879.714 7.15628 -4.79698
1843000 878.018 7.16072 -4.79512
1844000 877.803 7.15476 -4.80123
1845000 876.357 7.16356 -4.78947
1846000 874.997 7.15721 -4.79954
1847000 872.396 7.15935 -4.79788
1848000 869.667 7.15914 -4.79908
1849000 869.254 7.16386 -4.7915
1850000 875.317 7.15789 -4.80179
1851000 873.009 7.16333 -4.79425
1852000 869.469 7.15666 -4.8057
1853000 870.137 7.16366 -4.79448
1854000 863.092 7.15957 -4.80352
1855000 864.258 7.16144 -4.79977
1856000 866.839 7.1629 -4.79912
1857000 861.31 7.16105 -4.80038
1858000 861.826 7.16321 -4.79979
1859000 864.521 7.16101 -4.80177
1860000 855.898 7.16275 -4.80065
1861000 863.219 7.16242 -4.80483
1862000 859.797 7.16559 -4.79847
1863000 858.485 7.16007 -4.80831
1864000 853.32 7.16876 -4.79741
1865000 852.8 7.16049 -4.80868
1866000 851.92 7.16787 -4.79762
1867000 855.574 7.1608 -4.80988
1868000 851.952 7.16823 -4.79699
1869000 849.494 7.1628 -4.81093
1870000 850.033 7.16574 -4.80364
1871000 847.338 7.16513 -4.80738
1872000 851.978 7.16816 -4.8
1873000 847.599 7.16365 -4.81093
1874000 848.186 7.16885 -4.80079
1875000 846.935 7.16464 -4.8103
1876000 844.289 7.1689 -4.80593
1877000 844.018 7.1664 -4.80879
1878000 846.568 7.16585 -4.80505
1879000 840.6 7.16696 -4.80888
1880000 837.157 7.16814 -4.80916
1881000 838.087 7.16772 -4.8076
1882000 837.11 7.16723 -4.81097
1883000 835.864 7.17416 -4.80202
1884000 841.024 7.16459 -4.81382
1885000 834.791 7.17028 -4.80802
1886000 831.641 7.16698 -4.81371
1887000 834.394 7.17254 -4.80561
1888000 831.375 7.16891 -4.81211
1889000 827.334 7.16782 -4.81192
1890000 832.442 7.17333 -4.80704
1891000 829.064 7.17257 -4.80699
1892000 826.119 7.16782 -4.81761
1893000 826.444 7.17063 -4.81439
1894000 826.359 7.17229 -4.80998
1895000 827.041 7.17334 -4.81041
1896000 821.772 7.16856 -4.817
1897000 823.164 7.17504 -4.80869
1898000 824.047 7.17054 -4.81506
1899000 822.046 7.17528 -4.80878
1900000 823.722 7.16988 -4.81628
1901000 817.819 7.17626 -4.81085
1902000 817.014 7.17124 -4.8151
1903000 815.871 7.17412 -4.815
1904000 811.831 7.17539 -4.8123
1905000 817.286 7.1713 -4.81721
1906000 816.436 7.17768 -4.80855
1907000 811.286 7.17308 -4.81728
1908000 811.557 7.17584 -4.81232
1909000 807.641 7.17778 -4.81128
1910000 811.372 7.17305 -4.81859
1911000 807.483 7.17539 -4.8187
1912000 806.162 7.17357 -4.82197
1913000 805.485 7.1824 -4.80693
1914000 806.214 7.17486 -4.82044
1915000 802.562 7.17651 -4.81792
1916000 804.012 7.17502 -4.82043
1917000 800.347 7.18034 -4.81408
1918000 799.644 7.17517 -4.82271
1919000 805.976 7.1757 -4.8216
1920000 796.949 7.18174 -4.813
1921000 798.411 7.17711 -4.81919
1922000 793.993 7.17771 -4.82302
1923000 799.891 7.17908 -4.8198
1924000 797.249 7.18064 -4.81792
1925000 795.395 7.18025 -4.81969
1926000 794.897 7.18011 -4.81866
1927000 791.375 7.17615 -4.82712
1928000 791.077 7.18242 -4.81776
1929000 792.68 7.18293 -4.81929
1930000 793.212 7.17869 -4.82305
1931000 785.073 7.17914 -4.82512
1932000 784.628 7.18159 -4.82009
1933000 785.897 7.18041 -4.82367
1934000 781.613 7.18046 -4.8255
1935000 784.626 7.18277 -4.82006
1936000 783.618 7.18062 -4.82586
1937000 780.759 7.18185 -4.8257
1938000 785.136 7.18542 -4.81736
1939000 779.993 7.18074 -4.82752
1940000 781.883 7.18184 -4.82482
1941000 782.33 7.18149 -4.82782
1942000 777.812 7.18162 -4.82984
1943000 773.894 7.18366 -4.82604
1944000 775.097 7.18781 -4.82005
1945000 775.55 7.18445 -4.82621
1946000 774.175 7.18472 -4.82826
1947000 775.532 7.18622 -4.82099
1948000 770.787 7.18446 -4.82962
1949000 769.784 7.18286 -4.83151
1950000 776.225 7.18403 -4.82669
1951000 771.725 7.18787 -4.82514
1952000 764.513 7.18859 -4.82287
1953000 767.696 7.18166 -4.83514
1954000 765.606 7.1872 -4.82832
1955000 764.262 7.18855 -4.82525
1956000 766.84 7.18769 -4.82812
1957000 761.147 7.18599 -4.83033
1958000 759.22 7.18822 -4.83205
1959000 762.151 7.19177 -4.82339
1960000 762.781 7.1857 -4.83338
1961000 758.618 7.19006 -4.82895
1962000 756.706 7.1825 -4.83836
1963000 760.132 7.191 -4.82754
1964000 758.952 7.19155 -4.8251
1965000 754.373 7.18793 -4.83439
1966000 753.206 7.18722 -4.83576
1967000 755.142 7.18795 -4.83442
1968000 751.558 7.19132 -4.83107
1969000 754.704 7.19049 -4.83058
1970000 748.799 7.19111 -4.83205
1971000 747.874 7.19112 -4.83329
1972000 752.183 7.19065 -4.83303
1973000 745.109 7.19433 -4.83045
1974000 747.422 7.19198 -4.83301
1975000 744.961 7.19263 -4.83363
1976000 743.057 7.19294 -4.83413
1977000 739.235 7.19355 -4.83439
1978000 741.483 7.1924 -4.83441
1979000 745.113 7.19652 -4.82864
1980000 737.949 7.19444 -4.83287
1981000 739.725 7.19322 -4.83638
1982000 735.012 7.19097 -4.83918
1983000 733.612 7.19388 -4.83639
1984000 740.275 7.1916 -4.8375
1985000 732.436 7.19771 -4.83291
1986000 738.137 7.19324 -4.83691
1987000 733.53 7.19059 -4.84214
1988000 731.703 7.19471 -4.83874
1989000 728.262 7.19811 -4.83287
1990000 726.591 7.19975 -4.83218
1991000 729.107 7.19678 -4.83542
1992000 727.29 7.19596 -4.83742
1993000 728.521 7.19686 -4.83869
1994000 729.548 7.19725 -4.83748
1995000 725.056 7.19431 -4.84367
1996000 718.283 7.194 -4.84632
1997000 721.872 7.19829 -4.83784
1998000 717.529 7.19793 -4.84017
1999000 721.522 7.19822 -4.84031
2000000 720.316 7.19738 -4.84205
2001000 717.979 7.19868 -4.84152
2002000 720.314 7.20369 -4.83439
2003000 718.905 7.2009 -4.83804
2004000 715.49 7.19769 -4.84472
2005000 711.785 7.19865 -4.84312
2006000 716.628 7.20036 -4.84114
2007000 712.427 7.19669 -4.84886
2008000 712.454 7.19513 -4.8517
2009000 711.385 7.19945 -4.84561
2010000 708.839 7.20295 -4.84222
2011000 711.862 7.19889 -4.84566
2012000 706.438 7.19751 -4.8496
2013000 708.116 7.19594 -4.85209
2014000 704.992 7.20064 -4.84536
2015000 704.503 7.20303 -4.84358
2016000 698.49 7.20317 -4.84433
2017000 703.5 7.20272 -4.84425
2018000 699.564 7.20209 -4.84869
2019000 699.302 7.19743 -4.8563
2020000 695.658 7.20171 -4.8498
2021000 697.146 7.19879 -4.85274
2022000 696.506 7.20144 -4.85035
2023000 698.131 7.20188 -4.85006
2024000 696.615 7.20568 -4.845
2025000 692.74 7.20625 -4.84481
2026000 694.182 7.20673 -4.84408
2027000 695.995 7.20849 -4.84124
2028000 690.239 7.20754 -4.846
2029000 690.74 7.20377 -4.85283
2030000 688.046 7.20436 -4.85027
2031000 691.77 7.20525 -4.84881
2032000 688.402 7.20924 -4.84446
2033000 690.213 7.20611 -4.84883
2034000 683.238 7.20823 -4.84633
2035000 686.921 7.20657 -4.85052
2036000 680.879 7.20388 -4.85667
2037000 680.162 7.20479 -4.85553
2038000 687.072 7.20595 -4.85327
2039000 676.97 7.20522 -4.85519
2040000 678.016 7.20595 -4.85402
2041000 679.509 7.21011 -4.84911
2042000 682.907 7.21154 -4.84713
2043000 674.902 7.21247 -4.84854
2044000 678.089 7.21413 -4.84415
2045000 674.884 7.2124 -4.84862
2046000 672.806 7.20994 -4.85259
2047000 672.997 7.21003 -4.85239
2048000 672.436 7.20908 -4.85413
2049000 668.978 7.20697 -4.859
2050000 670.648 7.20776 -4.85996
2051000 670.187 7.20734 -4.85989
2052000 667.967 7.21151 -4.85197
2053000 666.996 7.20968 -4.8584
2054000 666.825 7.20964 -4.85748
2055000 664.036 7.21355 -4.85292
2056000 665.505 7.21312 -4.85164
2057000 663.813 7.21545 -4.85127
2058000 661.385 7.21571 -4.85297
2059000 662.752 7.21489 -4.85222
2060000 657.985 7.2132 -4.85725
2061000 656.394 7.21152 -4.85965
2062000 654.796 7.21096 -4.86069
2063000 655.469 7.21255 -4.86065
2064000 659.079 7.21194 -4.86094
2065000 655.013 7.21236 -4.8617
2066000 660.414 7.21178 -4.86029
2067000 651.979 7.21559 -4.85803
2068000 650.933 7.21592 -4.85732
2069000 651.656 7.21558 -4.86108
2070000 650.84 7.21407 -4.86039
2071000 647.931 7.21209 -4.86648
2072000 644.56 7.21198 -4.86838
2073000 649.575 7.21276 -4.86513
2074000 647.443 7.2153 -4.86295
2075000 643.302 7.21592 -4.86232
2076000 645.269 7.21659 -4.86167
2077000 640.847 7.21696 -4.86422
2078000 642.206 7.216 -4.86427
2079000 637.994 7.21744 -4.86129
2080000 640.744 7.21756 -4.86416
2081000 640.916 7.21852 -4.8612
2082000 636.327 7.22164 -4.85752
2083000 639.271 7.21843 -4.86379
2084000 637.134 7.21542 -4.86739
2085000 631.861 7.2146 -4.87241
2086000 633.537 7.21898 -4.86485
2087000 631.756 7.21884 -4.86448
2088000 630.876 7.21969 -4.86566
2089000 625.247 7.21945 -4.86832
2090000 625.637 7.21574 -4.87108
2091000 628.26 7.21927 -4.86813
2092000 626.581 7.22249 -4.86349
2093000 625.386 7.22378 -4.86152
2094000 627.354 7.22153 -4.86633
2095000 624.903 7.22257 -4.86629
2096000 624.172 7.22324 -4.86384
2097000 622.525 7.22294 -4.86518
2098000 618.055 7.22307 -4.86583
2099000 624.479 7.2216 -4.86908
2100000 616.856 7.22049 -4.87206
2101000 616.881 7.21883 -4.87496
2102000 619.44 7.2224 -4.87003
2103000 614.249 7.22371 -4.86859
2104000 617.171 7.22348 -4.86957
2105000 613.87 7.22363 -4.86998
2106000 612.44 7.22558 -4.86636
2107000 611.39 7.22848 -4.86266
2108000 610.73 7.22444 -4.87086
2109000 611.726 7.22233 -4.87401
2110000 605.908 7.2252 -4.87115
2111000 611.748 7.22231 -4.87391
2112000 607.997 7.21945 -4.88195
2113000 604.204 7.22398 -4.87464
2114000 603.665 7.22554 -4.87248
2115000 608.351 7.2259 -4.87166
2116000 606.987 7.2269 -4.8719
2117000 603.242 7.22458 -4.87561
2118000 602.771 7.22531 -4.87528
2119000 600.82 7.22997 -4.86905
2120000 599.764 7.22839 -4.87327
2121000 595.925 7.22761 -4.87491
2122000 598.061 7.22802 -4.87359
2123000 596.827 7.2296 -4.87205
2124000 595.478 7.23083 -4.87185
2125000 595.538 7.22742 -4.87636
2126000 592.873 7.22573 -4.88078
2127000 592.008 7.2292 -4.87609
2128000 592.574 7.23305 -4.87061
2129000 593.548 7.22954 -4.87724
2130000 590.877 7.22969 -4.87695
2131000 591.006 7.23285 -4.871
2132000 585.034 7.22847 -4.87934
2133000 588.429 7.23123 -4.87614
2134000 585.315 7.22942 -4.88022
2135000 582.228 7.23092 -4.87868
2136000 582.886 7.23089 -4.87729
2137000 580.2 7.22837 -4.88236
2138000 579.485 7.22748 -4.88494
2139000 577.992 7.23234 -4.8784
2140000 582.182 7.23132 -4.87975
2141000 578.446 7.23211 -4.88043
2142000 579.116 7.22858 -4.8861
2143000 576.789 7.23602 -4.87518
2144000 577.976 7.2323 -4.88083
2145000 574.341 7.23356 -4.88175
2146000 571.256 7.23331 -4.88098
2147000 574.422 7.23544 -4.8789
2148000 572.315 7.23645 -4.87546
2149000 569.221 7.23164 -4.8853
2150000 568.332 7.23262 -4.88447
2151000 573.793 7.23472 -4.88024
2152000 567.039 7.23436 -4.88409
2153000 566.834 7.2336 -4.88474
2154000 572.274 7.23245 -4.88652
2155000 565.65 7.23503 -4.88532
2156000 568.307 7.23874 -4.87742
2157000 563.881 7.23512 -4.8858
2158000 559.81 7.23676 -4.88469
2159000 557.68 7.23882 -4.8801
2160000 560.509 7.23281 -4.89013
2161000 559.06 7.23766 -4.88436
2162000 556.914 7.23724 -4.88711
2163000 556.241 7.23582 -4.88758
2164000 554.794 7.2389 -4.88505
2165000 554.129 7.2364 -4.88806
2166000 552.804 7.23662 -4.88849
2167000 553.988 7.23911 -4.88664
2168000 553.368 7.23616 -4.89094
2169000 551.208 7.23974 -4.88613
2170000 551.142 7.23576 -4.89356
2171000 548.664 7.24036 -4.88793
2172000 547.109 7.23857 -4.88986
2173000 548.013 7.24014 -4.88788
2174000 545.648 7.24014 -4.88961
2175000 546.138 7.24176 -4.88694
2176000 545.757 7.23755 -4.89295
2177000 544.593 7.24174 -4.88815
2178000 539.817 7.2368 -4.89687
2179000 544.117 7.24289 -4.88688
2180000 538.988 7.24005 -4.8934
2181000 541.288 7.24408 -4.8851
2182000 539.061 7.24047 -4.89399
2183000 535.506 7.24211 -4.89253
2184000 534.606 7.24129 -4.89128
2185000 536.423 7.24187 -4.89253
2186000 531.578 7.24156 -4.89313
2187000 535.225 7.2448 -4.88755
2188000 532.802 7.24113 -4.89592
2189000 533.646 7.24443 -4.89084
2190000 531.733 7.24241 -4.89427
2191000 531.111 7.24441 -4.89136
2192000 526.382 7.24294 -4.8962
2193000 528.776 7.24559 -4.88916
2194000 526.751 7.24277 -4.89665
2195000 524.239 7.2491 -4.8877
2196000 523.2 7.2417 -4.89917
2197000 521.023 7.24712 -4.89191
2198000 522.577 7.24462 -4.89775
2199000 519.883 7.24747 -4.89232
2200000 520.479 7.24446 -4.89733
2201000 521.205 7.24593 -4.89768
2202000 518.598 7.24782 -4.89323
2203000 514.97 7.24741 -4.89578
2204000 516.994 7.24593 -4.89933
2205000 517.639 7.24643 -4.89682
2206000 515.503 7.24598 -4.89897
2207000 510.95 7.24978 -4.89472
2208000 512.103 7.24586 -4.90165
2209000 511.149 7.25112 -4.8949
2210000 509.877 7.24774 -4.89964
2211000 507.386 7.2501 -4.89729
2212000 504.63 7.24538 -4.90658
2213000 507.99 7.2532 -4.89249
2214000 506.234 7.24976 -4.89921
2215000 504.922 7.24877 -4.90274
2216000 503.099 7.24916 -4.90059
2217000 501.869 7.25357 -4.8958
2218000 501.88 7.25006 -4.90167
2219000 501.643 7.25166 -4.8979
2220000 499.869 7.25086 -4.89984
2221000 500.228 7.25304 -4.89841
2222000 495.607 7.24864 -4.90583
2223000 496.318 7.25491 -4.8959
2224000 493.94 7.25336 -4.90091
2225000 496.796 7.25018 -4.90404
2226000 494.638 7.25353 -4.90155
2227000 495.393 7.25084 -4.90425
2228000 492.152 7.25303 -4.90183
2229000 489.603 7.25385 -4.90247
2230000 493.415 7.24979 -4.90727
2231000 490.081 7.25281 -4.90543
2232000 488.834 7.25246 -4.90581
2233000 487.692 7.25536 -4.90196
2234000 486.419 7.25334 -4.90728
2235000 483.666 7.25029 -4.91344
2236000 484.879 7.2545 -4.90589
2237000 482.434 7.2561 -4.90379
2238000 482.713 7.25629 -4.90389
2239000 480.251 7.2533 -4.91097
2240000 477.855 7.25423 -4.91031
2241000 478.707 7.25908 -4.90116
2242000 475.423 7.25705 -4.90638
2243000 478.229 7.25731 -4.90614
2244000 474.28 7.25453 -4.91101
2245000 473.691 7.25658 -4.9084
2246000 473.908 7.25893 -4.90491
2247000 471.34 7.25842 -4.90644
2248000 471.827 7.25738 -4.9085
2249000 472.468 7.26045 -4.90266
2250000 470.57 7.25886 -4.90644
2251000 466.804 7.25713 -4.91128
2252000 468.7 7.25254 -4.91926
2253000 464.505 7.25823 -4.90979
2254000 466.279 7.25898 -4.91063
2255000 463.92 7.26089 -4.90681
2256000 464.017 7.26103 -4.90711
2257000 465.202 7.26162 -4.90588
2258000 461.658 7.2587 -4.91185
2259000 464.243 7.25902 -4.91201
2260000 460.117 7.26013 -4.91301
2261000 457.065 7.26139 -4.91157
2262000 458.461 7.26214 -4.90879
2263000 459.146 7.264 -4.90683
2264000 454.812 7.26139 -4.91263
2265000 453.016 7.2621 -4.91297
2266000 453.157 7.25921 -4.91687
2267000 453.001 7.26048 -4.91512
2268000 452.344 7.26276 -4.91319
2269000 453.043 7.26475 -4.90981
2270000 449.467 7.2632 -4.91397
2271000 449.307 7.26552 -4.91126
2272000 448.758 7.26507 -4.91155
2273000 444.167 7.26561 -4.91102
2274000 444.651 7.265 -4.91338
2275000 446.268 7.26098 -4.9202
2276000 446.735 7.26341 -4.91685
2277000 440.782 7.26437 -4.91629
2278000 441.838 7.26339 -4.91708
2279000 441.529 7.26298 -4.91931
2280000 439.89 7.26425 -4.91953
2281000 437.978 7.26366 -4.91991
2282000 438.66 7.26058 -4.9241
2283000 436.023 7.26393 -4.91969
2284000 436.442 7.26312 -4.92271
2285000 432.944 7.26455 -4.92083
2286000 437.105 7.26527 -4.91901
2287000 434.844 7.26609 -4.92027
2288000 430.446 7.26789 -4.91733
2289000 429.667 7.26828 -4.91812
2290000 432.34 7.26837 -4.91854
2291000 429.429 7.27016 -4.91769
2292000 427.627 7.26949 -4.91832
2293000 428.45 7.2711 -4.91534
2294000 426.389 7.26686 -4.92263
2295000 425.369 7.26938 -4.91949
2296000 423.163 7.27263 -4.91505
2297000 422.684 7.27192 -4.91751
2298000 422.122 7.26945 -4.92141
2299000 421.221 7.26978 -4.92189
2300000 420.141 7.26974 -4.92256
2301000 419.22 7.27005 -4.92283
2302000 422.197 7.27386 -4.91497
2303000 417.214 7.2725 -4.92058
2304000 415.65 7.27242 -4.92036
2305000 413.968 7.27264 -4.92156
2306000 415.51 7.27182 -4.92243
2307000 414.154 7.27233 -4.92207
2308000 411.981 7.27088 -4.92637
2309000 412.1 7.27321 -4.92253
2310000 408.407 7.27363 -4.92147
2311000 408.973 7.27301 -4.92432
2312000 407.535 7.27037 -4.93076
2313000 406.295 7.27013 -4.93012
2314000 407.539 7.27344 -4.92513
2315000 404.858 7.27053 -4.93012
2316000 403.247 7.27088 -4.93197
2317000 400.325 7.27195 -4.93011
2318000 403.614 7.27199 -4.92931
2319000 400.21 7.2711 -4.93177
2320000 401.258 7.2744 -4.92718
2321000 397.652 7.27329 -4.93143
2322000 398.3 7.27294 -4.93101
2323000 397.098 7.27925 -4.92192
2324000 395.894 7.27394 -4.93114
2325000 395.904 7.27407 -4.93116
2326000 393.708 7.27422 -4.93093
2327000 393.53 7.27312 -4.93373
2328000 393.436 7.27518 -4.93097
2329000 391.338 7.27705 -4.92908
2330000 388.062 7.27862 -4.9269
2331000 390.393 7.27491 -4.93365
2332000 387.56 7.27713 -4.93124
2333000 386.917 7.2778 -4.92957
2334000 386.441 7.27703 -4.93296
2335000 383.162 7.2755 -4.9351
2336000 382.062 7.275 -4.93656
2337000 382.628 7.2793 -4.93137
2338000 382.196 7.28025 -4.92976
2339000 382.331 7.27891 -4.9326
2340000 379.074 7.27885 -4.9333
2341000 379.738 7.27933 -4.93305
2342000 377.556 7.27783 -4.93625
2343000 378.004 7.28114 -4.93165
2344000 375.857 7.27968 -4.93398
2345000 374.778 7.27975 -4.93609
2346000 375.028 7.27939 -4.93595
2347000 372.323 7.28202 -4.93346
2348000 373.366 7.27898 -4.93698
2349000 370.748 7.28305 -4.93165
2350000 370.767 7.27983 -4.9387
2351000 371.854 7.28065 -4.93566
2352000 369.45 7.28132 -4.93701
2353000 365.288 7.28322 -4.93497
2354000 363.484 7.28124 -4.93845
2355000 365.309 7.28305 -4.93618
2356000 364.248 7.28224 -4.93697
2357000 363.548 7.28058 -4.94183
2358000 362.409 7.28493 -4.93519
2359000 361.952 7.28489 -4.93649
2360000 360.635 7.28431 -4.93833
2361000 359.654 7.28431 -4.93701
2362000 358.036 7.28335 -4.94032
2363000 358.083 7.28453 -4.93908
2364000 352.857 7.28439 -4.94083
2365000 353.545 7.28656 -4.93582
2366000 352.771 7.28439 -4.94221
2367000 354.053 7.28564 -4.94053
2368000 349.748 7.28568 -4.94032
2369000 351.619 7.28552 -4.94025
2370000 350.391 7.28492 -4.94269
2371000 349.697 7.28494 -4.94452
2372000 348.973 7.28725 -4.93958
2373000 347.21 7.28667 -4.94099
2374000 346.971 7.28806 -4.93953
2375000 342.316 7.28715 -4.94151
2376000 345.377 7.28668 -4.94308
2377000 342.638 7.28727 -4.94288
2378000 340.804 7.28771 -4.9438
2379000 342.518 7.28825 -4.94313
2380000 338.471 7.2856 -4.94981
2381000 338.468 7.29015 -4.94076
2382000 337.594 7.2884 -4.94504
2383000 336.303 7.28693 -4.94825
2384000 336.799 7.28902 -4.94528
2385000 334.684 7.29233 -4.94081
2386000 335.803 7.29046 -4.94463
2387000 332.608 7.28876 -4.94861
2388000 332.64 7.29023 -4.94577
2389000 330.201 7.2924 -4.94318
2390000 330.99 7.29136 -4.94471
2391000 329.425 7.29252 -4.9441
2392000 328.179 7.29142 -4.94674
2393000 326.823 7.28772 -4.95388
2394000 326.242 7.28898 -4.9531
2395000 325.291 7.29189 -4.94671
2396000 324.322 7.29243 -4.94685
2397000 323.666 7.29274 -4.94796
2398000 320.871 7.29184 -4.95054
2399000 322.686 7.29163 -4.95169
2400000 320.77 7.2928 -4.9498
2401000 318.741 7.2933 -4.94957
2402000 319.302 7.29064 -4.95398
2403000 315.829 7.29141 -4.95366
2404000 317.244 7.29276 -4.95147
2405000 314.423 7.29333 -4.95155
2406000 315.577 7.2939 -4.95109
2407000 313.669 7.29402 -4.95308
2408000 312.199 7.29414 -4.95222
2409000 310.062 7.2927 -4.95541
2410000 308.37 7.29469 -4.95296
2411000 308.91 7.29789 -4.94809
2412000 307.316 7.29726 -4.95028
2413000 307.257 7.29588 -4.95238
2414000 307.212 7.29692 -4.95202
2415000 303.641 7.29641 -4.95253
2416000 304.482 7.29702 -4.95271
2417000 303.947 7.29439 -4.95784
2418000 299.676 7.29525 -4.95772
2419000 301.294 7.29644 -4.95581
2420000 298.561 7.29651 -4.95616
